Interference and Diffraction Data File Wed, Nov 03, 2021 4:09 PM
Sensor Position (Meters)	Light Intensity (Volts)
0.00000	-0.01763
0.00000	-0.02263
-0.00006	-0.02440
-0.00006	-0.01940
-0.00006	-0.02247
-0.00011	-0.02263
-0.00011	-0.02085
-0.00011	-0.02085
-0.00017	-0.02134
-0.00017	-0.02118
-0.00022	-0.02536
-0.00022	-0.02488
-0.00022	-0.02327
-0.00022	-0.02408
-0.00022	-0.02601
-0.00022	-0.02681
-0.00022	-0.02472
-0.00022	-0.02021
-0.00022	-0.02359
-0.00022	-0.02408
-0.00022	-0.02279
-0.00022	-0.02295
-0.00022	-0.02585
-0.00028	-0.01940
-0.00028	-0.02053
-0.00028	-0.02247
-0.00033	-0.02504
-0.00033	-0.02118
-0.00033	-0.02118
-0.00039	-0.02230
-0.00039	-0.01973
-0.00039	-0.02295
-0.00044	-0.02553
-0.00044	-0.02021
-0.00044	-0.02375
-0.00050	-0.02520
-0.00050	-0.02327
-0.00050	-0.02440
-0.00056	-0.02488
-0.00056	-0.02021
-0.00056	-0.01989
-0.00061	-0.02569
-0.00061	-0.02359
-0.00061	-0.02375
-0.00067	-0.02247
-0.00067	-0.02488
-0.00067	-0.02504
-0.00072	-0.02359
-0.00072	-0.02391
-0.00072	-0.02569
-0.00078	-0.02230
-0.00078	-0.02504
-0.00083	-0.02021
-0.00083	-0.02649
-0.00083	-0.01957
-0.00089	-0.02295
-0.00089	-0.02456
-0.00089	-0.02182
-0.00094	-0.02456
-0.00094	-0.02391
-0.00100	-0.01586
-0.00100	-0.02214
-0.00100	-0.02440
-0.00106	-0.02247
-0.00106	-0.02633
-0.00111	-0.01989
-0.00111	-0.01876
-0.00111	-0.02182
-0.00117	-0.02440
-0.00117	-0.02504
-0.00122	-0.02150
-0.00122	-0.02102
-0.00122	-0.02150
-0.00128	-0.02536
-0.00128	-0.01892
-0.00128	-0.01957
-0.00133	-0.02472
-0.00133	-0.02472
-0.00133	-0.02021
-0.00139	-0.02182
-0.00139	-0.02150
-0.00139	-0.02826
-0.00144	-0.02488
-0.00144	-0.01989
-0.00144	-0.02585
-0.00150	-0.02069
-0.00150	-0.02569
-0.00150	-0.02085
-0.00156	-0.02182
-0.00156	-0.02472
-0.00161	-0.02182
-0.00161	-0.02134
-0.00161	-0.02150
-0.00167	-0.02214
-0.00167	-0.02150
-0.00172	-0.02633
-0.00172	-0.02794
-0.00172	-0.02263
-0.00178	-0.02085
-0.00178	-0.02665
-0.00183	-0.02166
-0.00183	-0.02198
-0.00183	-0.03116
-0.00189	-0.02810
-0.00189	-0.02214
-0.00189	-0.02408
-0.00194	-0.02021
-0.00194	-0.02214
-0.00200	-0.02617
-0.00200	-0.02440
-0.00200	-0.02424
-0.00206	-0.02391
-0.00206	-0.02021
-0.00206	-0.02263
-0.00211	-0.02343
-0.00211	-0.02488
-0.00217	-0.02391
-0.00217	-0.02569
-0.00217	-0.02134
-0.00217	-0.02069
-0.00222	-0.02343
-0.00222	-0.02665
-0.00222	-0.02085
-0.00228	-0.02424
-0.00228	-0.01940
-0.00228	-0.02311
-0.00233	-0.02488
-0.00233	-0.02198
-0.00233	-0.02424
-0.00239	-0.02408
-0.00239	-0.01844
-0.00239	-0.02230
-0.00244	-0.02730
-0.00244	-0.02247
-0.00250	-0.02263
-0.00250	-0.02488
-0.00250	-0.02134
-0.00256	-0.02456
-0.00256	-0.02327
-0.00256	-0.02472
-0.00261	-0.02408
-0.00261	-0.02520
-0.00261	-0.02214
-0.00267	-0.01973
-0.00267	-0.02601
-0.00272	-0.02456
-0.00272	-0.02230
-0.00272	-0.02230
-0.00278	-0.02263
-0.00278	-0.02891
-0.00278	-0.02472
-0.00283	-0.02214
-0.00283	-0.02375
-0.00283	-0.02118
-0.00289	-0.02488
-0.00289	-0.02778
-0.00294	-0.02504
-0.00294	-0.02472
-0.00294	-0.02037
-0.00300	-0.01973
-0.00300	-0.02665
-0.00300	-0.01795
-0.00306	-0.02214
-0.00306	-0.02327
-0.00306	-0.02601
-0.00306	-0.02295
-0.00311	-0.02263
-0.00311	-0.02311
-0.00317	-0.01973
-0.00317	-0.02633
-0.00317	-0.02456
-0.00322	-0.02327
-0.00322	-0.01908
-0.00322	-0.02343
-0.00328	-0.02230
-0.00328	-0.02601
-0.00333	-0.02279
-0.00333	-0.02649
-0.00333	-0.02923
-0.00339	-0.02408
-0.00339	-0.02263
-0.00339	-0.02778
-0.00344	-0.02681
-0.00344	-0.02327
-0.00350	-0.02327
-0.00350	-0.02311
-0.00350	-0.02408
-0.00356	-0.02150
-0.00356	-0.02488
-0.00356	-0.02778
-0.00361	-0.02279
-0.00361	-0.02649
-0.00361	-0.02327
-0.00367	-0.02408
-0.00367	-0.02375
-0.00367	-0.02472
-0.00372	-0.02343
-0.00372	-0.02520
-0.00372	-0.02085
-0.00378	-0.02118
-0.00378	-0.02520
-0.00383	-0.02714
-0.00383	-0.02440
-0.00383	-0.02327
-0.00389	-0.02633
-0.00389	-0.02681
-0.00389	-0.02359
-0.00394	-0.02859
-0.00394	-0.02118
-0.00394	-0.02247
-0.00400	-0.02214
-0.00400	-0.02391
-0.00400	-0.02053
-0.00406	-0.02617
-0.00406	-0.02424
-0.00406	-0.02230
-0.00411	-0.02762
-0.00411	-0.02021
-0.00417	-0.02536
-0.00417	-0.02343
-0.00417	-0.02681
-0.00422	-0.02714
-0.00422	-0.02601
-0.00422	-0.02263
-0.00428	-0.02391
-0.00428	-0.02617
-0.00433	-0.02263
-0.00433	-0.02971
-0.00433	-0.02794
-0.00439	-0.02730
-0.00439	-0.02810
-0.00439	-0.02230
-0.00444	-0.02327
-0.00444	-0.02504
-0.00444	-0.02214
-0.00450	-0.02295
-0.00450	-0.02553
-0.00450	-0.02472
-0.00456	-0.02408
-0.00456	-0.02569
-0.00456	-0.02617
-0.00461	-0.02005
-0.00461	-0.02424
-0.00467	-0.02263
-0.00467	-0.02166
-0.00467	-0.03004
-0.00472	-0.02520
-0.00472	-0.02279
-0.00472	-0.02488
-0.00478	-0.02891
-0.00478	-0.02375
-0.00478	-0.02375
-0.00483	-0.02585
-0.00483	-0.02553
-0.00489	-0.02617
-0.00489	-0.02665
-0.00489	-0.02794
-0.00494	-0.02698
-0.00494	-0.02375
-0.00500	-0.02520
-0.00500	-0.02456
-0.00500	-0.02553
-0.00506	-0.02343
-0.00506	-0.02826
-0.00511	-0.02698
-0.00511	-0.02472
-0.00511	-0.02810
-0.00517	-0.02762
-0.00517	-0.02408
-0.00522	-0.02601
-0.00522	-0.02440
-0.00522	-0.02698
-0.00528	-0.02311
-0.00528	-0.02391
-0.00528	-0.02681
-0.00533	-0.02424
-0.00533	-0.02472
-0.00533	-0.02826
-0.00539	-0.03132
-0.00539	-0.02520
-0.00539	-0.02520
-0.00544	-0.02488
-0.00544	-0.02891
-0.00550	-0.02359
-0.00550	-0.02698
-0.00550	-0.02311
-0.00556	-0.02263
-0.00556	-0.02617
-0.00556	-0.02553
-0.00561	-0.02343
-0.00561	-0.02230
-0.00561	-0.02762
-0.00567	-0.02488
-0.00567	-0.02536
-0.00572	-0.02859
-0.00572	-0.03100
-0.00572	-0.02085
-0.00578	-0.02536
-0.00578	-0.02681
-0.00578	-0.03036
-0.00583	-0.02230
-0.00583	-0.02553
-0.00589	-0.02585
-0.00589	-0.02891
-0.00589	-0.03036
-0.00594	-0.02826
-0.00594	-0.02375
-0.00600	-0.02408
-0.00600	-0.02343
-0.00600	-0.02681
-0.00606	-0.02327
-0.00606	-0.02746
-0.00611	-0.02520
-0.00611	-0.02520
-0.00611	-0.02746
-0.00617	-0.02601
-0.00617	-0.02762
-0.00617	-0.02408
-0.00622	-0.02456
-0.00622	-0.02536
-0.00622	-0.02456
-0.00628	-0.02714
-0.00628	-0.02810
-0.00633	-0.02150
-0.00633	-0.02553
-0.00633	-0.02359
-0.00639	-0.02263
-0.00639	-0.03036
-0.00639	-0.03004
-0.00644	-0.02601
-0.00644	-0.02504
-0.00644	-0.02359
-0.00650	-0.02472
-0.00650	-0.02617
-0.00656	-0.02391
-0.00656	-0.02408
-0.00656	-0.02843
-0.00661	-0.02343
-0.00661	-0.02601
-0.00667	-0.02279
-0.00667	-0.02859
-0.00667	-0.02698
-0.00672	-0.02585
-0.00672	-0.02230
-0.00678	-0.02391
-0.00678	-0.02939
-0.00678	-0.02988
-0.00683	-0.02730
-0.00683	-0.02456
-0.00683	-0.02649
-0.00689	-0.02327
-0.00689	-0.02665
-0.00694	-0.02746
-0.00694	-0.02375
-0.00694	-0.02295
-0.00700	-0.02907
-0.00700	-0.02649
-0.00700	-0.02263
-0.00706	-0.02601
-0.00706	-0.02327
-0.00711	-0.02327
-0.00711	-0.02714
-0.00711	-0.02295
-0.00717	-0.02295
-0.00717	-0.02520
-0.00717	-0.02472
-0.00722	-0.02327
-0.00722	-0.02504
-0.00728	-0.02859
-0.00728	-0.02440
-0.00728	-0.02295
-0.00733	-0.02939
-0.00733	-0.02134
-0.00733	-0.02681
-0.00739	-0.02391
-0.00739	-0.02939
-0.00744	-0.02391
-0.00744	-0.03100
-0.00744	-0.02633
-0.00750	-0.02488
-0.00750	-0.02440
-0.00756	-0.02214
-0.00756	-0.02617
-0.00756	-0.02375
-0.00761	-0.02230
-0.00761	-0.02971
-0.00767	-0.02456
-0.00767	-0.02762
-0.00767	-0.02279
-0.00772	-0.02472
-0.00772	-0.02456
-0.00772	-0.02150
-0.00778	-0.02536
-0.00778	-0.02295
-0.00783	-0.02391
-0.00783	-0.02327
-0.00783	-0.02923
-0.00789	-0.02746
-0.00789	-0.02327
-0.00789	-0.02488
-0.00794	-0.02585
-0.00794	-0.02778
-0.00794	-0.02891
-0.00800	-0.02633
-0.00800	-0.02488
-0.00800	-0.02714
-0.00806	-0.02504
-0.00806	-0.02714
-0.00811	-0.02714
-0.00811	-0.02263
-0.00811	-0.02456
-0.00817	-0.02536
-0.00817	-0.02472
-0.00817	-0.02536
-0.00822	-0.02488
-0.00822	-0.02311
-0.00828	-0.03020
-0.00828	-0.02424
-0.00828	-0.02698
-0.00833	-0.02472
-0.00833	-0.02988
-0.00833	-0.02375
-0.00839	-0.02311
-0.00839	-0.02375
-0.00844	-0.02778
-0.00844	-0.02520
-0.00844	-0.02665
-0.00850	-0.02166
-0.00850	-0.02810
-0.00856	-0.02263
-0.00856	-0.02375
-0.00856	-0.02826
-0.00861	-0.02601
-0.00861	-0.03100
-0.00861	-0.02681
-0.00867	-0.02166
-0.00867	-0.02279
-0.00867	-0.02343
-0.00872	-0.02472
-0.00872	-0.02923
-0.00878	-0.02263
-0.00878	-0.02279
-0.00878	-0.02198
-0.00883	-0.02778
-0.00883	-0.02714
-0.00883	-0.02230
-0.00889	-0.02263
-0.00889	-0.02327
-0.00889	-0.02585
-0.00894	-0.02762
-0.00894	-0.02263
-0.00894	-0.02891
-0.00900	-0.02859
-0.00900	-0.02601
-0.00900	-0.02649
-0.00906	-0.02730
-0.00906	-0.02391
-0.00911	-0.02617
-0.00911	-0.02601
-0.00911	-0.02633
-0.00917	-0.02472
-0.00917	-0.02746
-0.00922	-0.02617
-0.00922	-0.02649
-0.00922	-0.02375
-0.00928	-0.02456
-0.00928	-0.02408
-0.00928	-0.02907
-0.00933	-0.03052
-0.00933	-0.02569
-0.00939	-0.02617
-0.00939	-0.02843
-0.00939	-0.02859
-0.00944	-0.02472
-0.00944	-0.02456
-0.00944	-0.02730
-0.00950	-0.02198
-0.00950	-0.02279
-0.00950	-0.02488
-0.00956	-0.02746
-0.00956	-0.02698
-0.00956	-0.02536
-0.00961	-0.02826
-0.00961	-0.02810
-0.00967	-0.02504
-0.00967	-0.02633
-0.00967	-0.02263
-0.00972	-0.02504
-0.00972	-0.02569
-0.00972	-0.02327
-0.00978	-0.02698
-0.00978	-0.02730
-0.00978	-0.02794
-0.00983	-0.02923
-0.00983	-0.02424
-0.00983	-0.02408
-0.00989	-0.02375
-0.00989	-0.02182
-0.00989	-0.02295
-0.00994	-0.02359
-0.00994	-0.03036
-0.00994	-0.02520
-0.01000	-0.02698
-0.01000	-0.02182
-0.01006	-0.02617
-0.01006	-0.02585
-0.01006	-0.02424
-0.01011	-0.02520
-0.01011	-0.02359
-0.01011	-0.02988
-0.01017	-0.02810
-0.01017	-0.02311
-0.01017	-0.02424
-0.01022	-0.02504
-0.01022	-0.02182
-0.01028	-0.02746
-0.01028	-0.02440
-0.01028	-0.02875
-0.01033	-0.02166
-0.01033	-0.02327
-0.01033	-0.03020
-0.01039	-0.02633
-0.01039	-0.02311
-0.01039	-0.02295
-0.01044	-0.02391
-0.01044	-0.02585
-0.01044	-0.02843
-0.01050	-0.02311
-0.01050	-0.02230
-0.01050	-0.02375
-0.01056	-0.02359
-0.01056	-0.02150
-0.01056	-0.02665
-0.01061	-0.02311
-0.01061	-0.02198
-0.01061	-0.02472
-0.01067	-0.02424
-0.01067	-0.02311
-0.01067	-0.02504
-0.01072	-0.02327
-0.01072	-0.02424
-0.01072	-0.02440
-0.01078	-0.02230
-0.01078	-0.02198
-0.01078	-0.02794
-0.01083	-0.02585
-0.01083	-0.02440
-0.01089	-0.02279
-0.01089	-0.02714
-0.01089	-0.02762
-0.01094	-0.02085
-0.01094	-0.02520
-0.01094	-0.02295
-0.01100	-0.02424
-0.01100	-0.02520
-0.01100	-0.02182
-0.01106	-0.01940
-0.01106	-0.02263
-0.01106	-0.02311
-0.01111	-0.02714
-0.01111	-0.02955
-0.01117	-0.01892
-0.01117	-0.02279
-0.01117	-0.02150
-0.01122	-0.02553
-0.01122	-0.02553
-0.01122	-0.02504
-0.01128	-0.02408
-0.01128	-0.01876
-0.01128	-0.02359
-0.01133	-0.02166
-0.01133	-0.02214
-0.01133	-0.02375
-0.01139	-0.02182
-0.01139	-0.02263
-0.01139	-0.02198
-0.01144	-0.02343
-0.01144	-0.02826
-0.01144	-0.02214
-0.01150	-0.02295
-0.01150	-0.02118
-0.01150	-0.01973
-0.01156	-0.02327
-0.01156	-0.02069
-0.01156	-0.02504
-0.01161	-0.01957
-0.01161	-0.01812
-0.01167	-0.02053
-0.01167	-0.02520
-0.01167	-0.02182
-0.01172	-0.02408
-0.01172	-0.02247
-0.01172	-0.02053
-0.01178	-0.02182
-0.01178	-0.01892
-0.01178	-0.02214
-0.01183	-0.02182
-0.01183	-0.02408
-0.01189	-0.02520
-0.01189	-0.02085
-0.01189	-0.02649
-0.01194	-0.02021
-0.01194	-0.02730
-0.01194	-0.02134
-0.01200	-0.01924
-0.01200	-0.02279
-0.01200	-0.02424
-0.01206	-0.02391
-0.01206	-0.02633
-0.01206	-0.02391
-0.01211	-0.01731
-0.01211	-0.02037
-0.01211	-0.02456
-0.01217	-0.02504
-0.01217	-0.02536
-0.01217	-0.02553
-0.01222	-0.01634
-0.01222	-0.02069
-0.01222	-0.01989
-0.01228	-0.02069
-0.01228	-0.02166
-0.01228	-0.02134
-0.01228	-0.01779
-0.01233	-0.02085
-0.01233	-0.02021
-0.01233	-0.02279
-0.01239	-0.02166
-0.01239	-0.02037
-0.01244	-0.02182
-0.01244	-0.02295
-0.01244	-0.01908
-0.01250	-0.02214
-0.01250	-0.02279
-0.01250	-0.02359
-0.01256	-0.02021
-0.01256	-0.02279
-0.01261	-0.02005
-0.01261	-0.02424
-0.01261	-0.01924
-0.01267	-0.02182
-0.01267	-0.01876
-0.01267	-0.02102
-0.01272	-0.02085
-0.01272	-0.01747
-0.01272	-0.01989
-0.01278	-0.02085
-0.01278	-0.02053
-0.01278	-0.01924
-0.01283	-0.01489
-0.01283	-0.02553
-0.01289	-0.02311
-0.01289	-0.02198
-0.01289	-0.02456
-0.01294	-0.01957
-0.01294	-0.02279
-0.01294	-0.01924
-0.01300	-0.01715
-0.01300	-0.01651
-0.01300	-0.01989
-0.01306	-0.01828
-0.01306	-0.01731
-0.01306	-0.02504
-0.01306	-0.02053
-0.01311	-0.01763
-0.01311	-0.02295
-0.01317	-0.02279
-0.01317	-0.01940
-0.01317	-0.02037
-0.01322	-0.02021
-0.01322	-0.01973
-0.01322	-0.02504
-0.01328	-0.01908
-0.01328	-0.01973
-0.01333	-0.01763
-0.01333	-0.01715
-0.01333	-0.02053
-0.01339	-0.02295
-0.01339	-0.01570
-0.01339	-0.01634
-0.01344	-0.01747
-0.01344	-0.01747
-0.01344	-0.02005
-0.01350	-0.02053
-0.01350	-0.01940
-0.01356	-0.02279
-0.01356	-0.01940
-0.01356	-0.01779
-0.01361	-0.01538
-0.01361	-0.01924
-0.01361	-0.01715
-0.01367	-0.01795
-0.01367	-0.02102
-0.01367	-0.02053
-0.01372	-0.01715
-0.01372	-0.01699
-0.01372	-0.01973
-0.01378	-0.02085
-0.01378	-0.01828
-0.01378	-0.02279
-0.01383	-0.01522
-0.01383	-0.01908
-0.01383	-0.01489
-0.01389	-0.01554
-0.01389	-0.01618
-0.01389	-0.02198
-0.01394	-0.02037
-0.01394	-0.02069
-0.01400	-0.01554
-0.01400	-0.01554
-0.01400	-0.02134
-0.01406	-0.01377
-0.01406	-0.01554
-0.01406	-0.01312
-0.01411	-0.01522
-0.01411	-0.01602
-0.01417	-0.02005
-0.01417	-0.01779
-0.01417	-0.01554
-0.01422	-0.01071
-0.01422	-0.01377
-0.01422	-0.01602
-0.01428	-0.01812
-0.01428	-0.01135
-0.01433	-0.01892
-0.01433	-0.02118
-0.01433	-0.01747
-0.01439	-0.01489
-0.01439	-0.01473
-0.01439	-0.01618
-0.01444	-0.02198
-0.01444	-0.01377
-0.01444	-0.01280
-0.01450	-0.02102
-0.01450	-0.01683
-0.01450	-0.01441
-0.01456	-0.01312
-0.01456	-0.01795
-0.01456	-0.01763
-0.01461	-0.01554
-0.01461	-0.01715
-0.01467	-0.01554
-0.01467	-0.02037
-0.01467	-0.01248
-0.01472	-0.01779
-0.01472	-0.01763
-0.01472	-0.01538
-0.01478	-0.01683
-0.01478	-0.01457
-0.01478	-0.01183
-0.01483	-0.01538
-0.01483	-0.02134
-0.01489	-0.01393
-0.01489	-0.01296
-0.01489	-0.01457
-0.01494	-0.00942
-0.01494	-0.01779
-0.01500	-0.01409
-0.01500	-0.01441
-0.01500	-0.01409
-0.01506	-0.01167
-0.01506	-0.01602
-0.01506	-0.01264
-0.01511	-0.01425
-0.01511	-0.01570
-0.01517	-0.01522
-0.01517	-0.01731
-0.01517	-0.01393
-0.01522	-0.01715
-0.01522	-0.01377
-0.01522	-0.01006
-0.01528	-0.01699
-0.01528	-0.01167
-0.01533	-0.01489
-0.01533	-0.01586
-0.01533	-0.01135
-0.01539	-0.01232
-0.01539	-0.01248
-0.01539	-0.01473
-0.01544	-0.01538
-0.01544	-0.00748
-0.01544	-0.01618
-0.01550	-0.01618
-0.01550	-0.01232
-0.01556	-0.01312
-0.01556	-0.01071
-0.01556	-0.01506
-0.01561	-0.01312
-0.01561	-0.01506
-0.01561	-0.01216
-0.01567	-0.01489
-0.01567	-0.01054
-0.01572	-0.01232
-0.01572	-0.00990
-0.01572	-0.01441
-0.01578	-0.01457
-0.01578	-0.01425
-0.01583	-0.01022
-0.01583	-0.01151
-0.01583	-0.01489
-0.01589	-0.00829
-0.01589	-0.01344
-0.01594	-0.01361
-0.01594	-0.01312
-0.01594	-0.01377
-0.01600	-0.01506
-0.01600	-0.01683
-0.01600	-0.01409
-0.01606	-0.01506
-0.01606	-0.01216
-0.01611	-0.01667
-0.01611	-0.01473
-0.01611	-0.01328
-0.01617	-0.01328
-0.01617	-0.01457
-0.01617	-0.01264
-0.01622	-0.01489
-0.01622	-0.01232
-0.01622	-0.01232
-0.01628	-0.01103
-0.01628	-0.01183
-0.01633	-0.01135
-0.01633	-0.01506
-0.01633	-0.01038
-0.01639	-0.00877
-0.01639	-0.00861
-0.01639	-0.01425
-0.01644	-0.01199
-0.01644	-0.01731
-0.01650	-0.01183
-0.01650	-0.00990
-0.01650	-0.01506
-0.01656	-0.01119
-0.01656	-0.00926
-0.01661	-0.01151
-0.01661	-0.01216
-0.01661	-0.00910
-0.01667	-0.01328
-0.01667	-0.01441
-0.01672	-0.01393
-0.01672	-0.00813
-0.01672	-0.01006
-0.01678	-0.00877
-0.01678	-0.01183
-0.01683	-0.01296
-0.01683	-0.01071
-0.01683	-0.01506
-0.01689	-0.01570
-0.01689	-0.01022
-0.01689	-0.01071
-0.01694	-0.00781
-0.01694	-0.01167
-0.01700	-0.01248
-0.01700	-0.00700
-0.01700	-0.01183
-0.01706	-0.01361
-0.01706	-0.01183
-0.01706	-0.00942
-0.01711	-0.00861
-0.01711	-0.01054
-0.01711	-0.00974
-0.01717	-0.00797
-0.01717	-0.01361
-0.01722	-0.00845
-0.01722	-0.00732
-0.01722	-0.00893
-0.01728	-0.01103
-0.01728	-0.01457
-0.01728	-0.00781
-0.01733	-0.00893
-0.01733	-0.00781
-0.01739	-0.01151
-0.01739	-0.01232
-0.01739	-0.01167
-0.01744	-0.01151
-0.01744	-0.01038
-0.01750	-0.00668
-0.01750	-0.01038
-0.01750	-0.00861
-0.01756	-0.01103
-0.01756	-0.00910
-0.01761	-0.01248
-0.01761	-0.01103
-0.01761	-0.00926
-0.01767	-0.01328
-0.01767	-0.00845
-0.01767	-0.01087
-0.01772	-0.00926
-0.01772	-0.01054
-0.01778	-0.00926
-0.01778	-0.00765
-0.01778	-0.00700
-0.01783	-0.00990
-0.01783	-0.01038
-0.01789	-0.01199
-0.01789	-0.00813
-0.01789	-0.01489
-0.01794	-0.00781
-0.01794	-0.00797
-0.01794	-0.01296
-0.01800	-0.01167
-0.01800	-0.00652
-0.01800	-0.00684
-0.01806	-0.00845
-0.01806	-0.01103
-0.01806	-0.00845
-0.01811	-0.01538
-0.01811	-0.00910
-0.01811	-0.01135
-0.01817	-0.01135
-0.01817	-0.00877
-0.01822	-0.00652
-0.01822	-0.00781
-0.01822	-0.00910
-0.01828	-0.01119
-0.01828	-0.01296
-0.01828	-0.00732
-0.01833	-0.00813
-0.01833	-0.01167
-0.01839	-0.00700
-0.01839	-0.01312
-0.01839	-0.00861
-0.01844	-0.00813
-0.01844	-0.00684
-0.01850	-0.01232
-0.01850	-0.00797
-0.01850	-0.01119
-0.01856	-0.01280
-0.01856	-0.00732
-0.01856	-0.00668
-0.01861	-0.00974
-0.01861	-0.00958
-0.01867	-0.00765
-0.01867	-0.01022
-0.01867	-0.01183
-0.01872	-0.00684
-0.01872	-0.00732
-0.01872	-0.01087
-0.01878	-0.00700
-0.01878	-0.00926
-0.01878	-0.01119
-0.01883	-0.00765
-0.01883	-0.01248
-0.01889	-0.01038
-0.01889	-0.00716
-0.01889	-0.00974
-0.01894	-0.00829
-0.01894	-0.00571
-0.01894	-0.00926
-0.01900	-0.00587
-0.01900	-0.00990
-0.01900	-0.01119
-0.01906	-0.00861
-0.01906	-0.00845
-0.01911	-0.01119
-0.01911	-0.01361
-0.01911	-0.00845
-0.01917	-0.00797
-0.01917	-0.01328
-0.01917	-0.00781
-0.01922	-0.00813
-0.01922	-0.01038
-0.01928	-0.00942
-0.01928	-0.00958
-0.01928	-0.00748
-0.01933	-0.00765
-0.01933	-0.01328
-0.01939	-0.00523
-0.01939	-0.00507
-0.01939	-0.00781
-0.01944	-0.00942
-0.01944	-0.01232
-0.01944	-0.00668
-0.01950	-0.00990
-0.01950	-0.01344
-0.01950	-0.01135
-0.01956	-0.00716
-0.01956	-0.00732
-0.01956	-0.00958
-0.01961	-0.00700
-0.01961	-0.00845
-0.01967	-0.01183
-0.01967	-0.00491
-0.01967	-0.00748
-0.01972	-0.01232
-0.01972	-0.00620
-0.01972	-0.00748
-0.01978	-0.00910
-0.01978	-0.00716
-0.01978	-0.00587
-0.01978	-0.00926
-0.01983	-0.00829
-0.01983	-0.01119
-0.01989	-0.01022
-0.01989	-0.00700
-0.01989	-0.00797
-0.01994	-0.01071
-0.01994	-0.00797
-0.01994	-0.00523
-0.02000	-0.01296
-0.02000	-0.01216
-0.02006	-0.00974
-0.02006	-0.00797
-0.02006	-0.00942
-0.02011	-0.00620
-0.02011	-0.00926
-0.02017	-0.00797
-0.02017	-0.01264
-0.02017	-0.01054
-0.02022	-0.00603
-0.02022	-0.01232
-0.02022	-0.00732
-0.02028	-0.01151
-0.02028	-0.01216
-0.02028	-0.00926
-0.02033	-0.00539
-0.02033	-0.00797
-0.02033	-0.00893
-0.02039	-0.00990
-0.02039	-0.01038
-0.02044	-0.00942
-0.02044	-0.01054
-0.02044	-0.01183
-0.02050	-0.01022
-0.02050	-0.00636
-0.02050	-0.01135
-0.02056	-0.00974
-0.02056	-0.01119
-0.02056	-0.00781
-0.02056	-0.00845
-0.02061	-0.01135
-0.02061	-0.00748
-0.02061	-0.01135
-0.02067	-0.00716
-0.02067	-0.00990
-0.02067	-0.01038
-0.02072	-0.01167
-0.02072	-0.00910
-0.02078	-0.01054
-0.02078	-0.00910
-0.02078	-0.00877
-0.02083	-0.01006
-0.02083	-0.01199
-0.02083	-0.01473
-0.02089	-0.00813
-0.02089	-0.00781
-0.02089	-0.00732
-0.02094	-0.01344
-0.02094	-0.01409
-0.02100	-0.00652
-0.02100	-0.01377
-0.02100	-0.00958
-0.02106	-0.00813
-0.02106	-0.00716
-0.02106	-0.00555
-0.02111	-0.01054
-0.02111	-0.00926
-0.02111	-0.00781
-0.02117	-0.00797
-0.02117	-0.01264
-0.02122	-0.01135
-0.02122	-0.01103
-0.02122	-0.01216
-0.02128	-0.00700
-0.02128	-0.01006
-0.02128	-0.01312
-0.02128	-0.01087
-0.02133	-0.00942
-0.02133	-0.01586
-0.02133	-0.00942
-0.02139	-0.01087
-0.02139	-0.01296
-0.02139	-0.01248
-0.02144	-0.00942
-0.02144	-0.00958
-0.02144	-0.01216
-0.02150	-0.00797
-0.02150	-0.01232
-0.02150	-0.01103
-0.02156	-0.00765
-0.02156	-0.01135
-0.02156	-0.01344
-0.02161	-0.00748
-0.02161	-0.01280
-0.02167	-0.01280
-0.02167	-0.00926
-0.02167	-0.00893
-0.02172	-0.01054
-0.02172	-0.01425
-0.02172	-0.01441
-0.02178	-0.00942
-0.02178	-0.00942
-0.02178	-0.00926
-0.02183	-0.01634
-0.02183	-0.01183
-0.02189	-0.00716
-0.02189	-0.01119
-0.02189	-0.00716
-0.02194	-0.01232
-0.02194	-0.01538
-0.02194	-0.01489
-0.02200	-0.01071
-0.02200	-0.00877
-0.02200	-0.00926
-0.02206	-0.01119
-0.02206	-0.01393
-0.02206	-0.01280
-0.02211	-0.01457
-0.02211	-0.01377
-0.02211	-0.01087
-0.02217	-0.01071
-0.02217	-0.01280
-0.02217	-0.01328
-0.02222	-0.01216
-0.02222	-0.01151
-0.02222	-0.01634
-0.02228	-0.01232
-0.02228	-0.01038
-0.02228	-0.01393
-0.02233	-0.01119
-0.02233	-0.01264
-0.02233	-0.01667
-0.02239	-0.00974
-0.02239	-0.01038
-0.02239	-0.01763
-0.02244	-0.00926
-0.02244	-0.01651
-0.02244	-0.01602
-0.02250	-0.01167
-0.02250	-0.01183
-0.02256	-0.01054
-0.02256	-0.01473
-0.02256	-0.01602
-0.02261	-0.01699
-0.02261	-0.01199
-0.02261	-0.01361
-0.02267	-0.01457
-0.02267	-0.01103
-0.02272	-0.01361
-0.02272	-0.00893
-0.02272	-0.01328
-0.02278	-0.01747
-0.02278	-0.01167
-0.02278	-0.00861
-0.02283	-0.01167
-0.02283	-0.01667
-0.02283	-0.01361
-0.02289	-0.01473
-0.02289	-0.01409
-0.02289	-0.01216
-0.02294	-0.01071
-0.02294	-0.01280
-0.02294	-0.01409
-0.02300	-0.01377
-0.02300	-0.01570
-0.02300	-0.01747
-0.02306	-0.01119
-0.02306	-0.01103
-0.02306	-0.01973
-0.02311	-0.01844
-0.02311	-0.01554
-0.02311	-0.01264
-0.02317	-0.01715
-0.02317	-0.01280
-0.02317	-0.01328
-0.02322	-0.01506
-0.02322	-0.01489
-0.02328	-0.01763
-0.02328	-0.01393
-0.02328	-0.01103
-0.02333	-0.01554
-0.02333	-0.01844
-0.02333	-0.01812
-0.02339	-0.01634
-0.02339	-0.01634
-0.02339	-0.01779
-0.02344	-0.01199
-0.02344	-0.01264
-0.02350	-0.01441
-0.02350	-0.01731
-0.02350	-0.01795
-0.02356	-0.01248
-0.02356	-0.01425
-0.02356	-0.01586
-0.02361	-0.01441
-0.02361	-0.01602
-0.02367	-0.01634
-0.02367	-0.01506
-0.02367	-0.01731
-0.02372	-0.01328
-0.02372	-0.01715
-0.02372	-0.02069
-0.02378	-0.01651
-0.02378	-0.01779
-0.02378	-0.01248
-0.02383	-0.01473
-0.02383	-0.01715
-0.02383	-0.02102
-0.02389	-0.01924
-0.02389	-0.01554
-0.02389	-0.01795
-0.02394	-0.01731
-0.02394	-0.02069
-0.02394	-0.01860
-0.02400	-0.01554
-0.02400	-0.01795
-0.02400	-0.02085
-0.02406	-0.01586
-0.02406	-0.02021
-0.02411	-0.01731
-0.02411	-0.01618
-0.02411	-0.01844
-0.02417	-0.01457
-0.02417	-0.01683
-0.02417	-0.01409
-0.02422	-0.02037
-0.02422	-0.01876
-0.02422	-0.01393
-0.02428	-0.01683
-0.02428	-0.02150
-0.02433	-0.01441
-0.02433	-0.01908
-0.02433	-0.01409
-0.02439	-0.01876
-0.02439	-0.01908
-0.02439	-0.02037
-0.02444	-0.02005
-0.02444	-0.01908
-0.02444	-0.01473
-0.02450	-0.01763
-0.02450	-0.02118
-0.02456	-0.01957
-0.02456	-0.02118
-0.02456	-0.01506
-0.02461	-0.01812
-0.02461	-0.01667
-0.02461	-0.01570
-0.02467	-0.02005
-0.02467	-0.02118
-0.02467	-0.01473
-0.02472	-0.01957
-0.02472	-0.01586
-0.02472	-0.01779
-0.02478	-0.01457
-0.02478	-0.01828
-0.02483	-0.01522
-0.02483	-0.01715
-0.02483	-0.02069
-0.02489	-0.02037
-0.02489	-0.01844
-0.02494	-0.01973
-0.02494	-0.01409
-0.02494	-0.01892
-0.02500	-0.02085
-0.02500	-0.01892
-0.02500	-0.01747
-0.02506	-0.01699
-0.02506	-0.01667
-0.02511	-0.02005
-0.02511	-0.01957
-0.02511	-0.02134
-0.02517	-0.01683
-0.02517	-0.01973
-0.02522	-0.01763
-0.02522	-0.01989
-0.02522	-0.02198
-0.02528	-0.02053
-0.02528	-0.01908
-0.02528	-0.02166
-0.02533	-0.01683
-0.02533	-0.01457
-0.02533	-0.01973
-0.02539	-0.01570
-0.02539	-0.01715
-0.02544	-0.02037
-0.02544	-0.01989
-0.02544	-0.02134
-0.02550	-0.01667
-0.02550	-0.02247
-0.02550	-0.02102
-0.02556	-0.02053
-0.02556	-0.01747
-0.02556	-0.02005
-0.02561	-0.02037
-0.02561	-0.01795
-0.02561	-0.01602
-0.02567	-0.02150
-0.02567	-0.02230
-0.02572	-0.01731
-0.02572	-0.01715
-0.02572	-0.02118
-0.02578	-0.02263
-0.02578	-0.01731
-0.02583	-0.02069
-0.02583	-0.02263
-0.02583	-0.02343
-0.02589	-0.01586
-0.02589	-0.01844
-0.02594	-0.02359
-0.02594	-0.01828
-0.02594	-0.02214
-0.02600	-0.02214
-0.02600	-0.02085
-0.02606	-0.01876
-0.02606	-0.01812
-0.02606	-0.02166
-0.02611	-0.02085
-0.02611	-0.02085
-0.02611	-0.02391
-0.02617	-0.01957
-0.02617	-0.01651
-0.02617	-0.01844
-0.02622	-0.01812
-0.02622	-0.01473
-0.02628	-0.01908
-0.02628	-0.01892
-0.02628	-0.02118
-0.02633	-0.01667
-0.02633	-0.02102
-0.02633	-0.01747
-0.02639	-0.02085
-0.02639	-0.02327
-0.02644	-0.02279
-0.02644	-0.01940
-0.02644	-0.01892
-0.02650	-0.01957
-0.02650	-0.02005
-0.02650	-0.01876
-0.02656	-0.02118
-0.02656	-0.01828
-0.02661	-0.01795
-0.02661	-0.02134
-0.02661	-0.01409
-0.02667	-0.02021
-0.02667	-0.01634
-0.02672	-0.01634
-0.02672	-0.02166
-0.02672	-0.02037
-0.02678	-0.02150
-0.02678	-0.01570
-0.02683	-0.01860
-0.02683	-0.01989
-0.02683	-0.01602
-0.02689	-0.01795
-0.02689	-0.01602
-0.02694	-0.01618
-0.02694	-0.01828
-0.02694	-0.01908
-0.02700	-0.01812
-0.02700	-0.01763
-0.02700	-0.01844
-0.02706	-0.01908
-0.02706	-0.01828
-0.02711	-0.01441
-0.02711	-0.02053
-0.02711	-0.01457
-0.02717	-0.01377
-0.02717	-0.01296
-0.02717	-0.01457
-0.02722	-0.01844
-0.02722	-0.01506
-0.02722	-0.01844
-0.02728	-0.01973
-0.02728	-0.01312
-0.02733	-0.01328
-0.02733	-0.01957
-0.02739	-0.01489
-0.02739	-0.01602
-0.02739	-0.01892
-0.02744	-0.01199
-0.02744	-0.01087
-0.02744	-0.01473
-0.02750	-0.01860
-0.02750	-0.01473
-0.02756	-0.01441
-0.02756	-0.01715
-0.02756	-0.01554
-0.02761	-0.01538
-0.02761	-0.01248
-0.02767	-0.01892
-0.02767	-0.01393
-0.02767	-0.01344
-0.02772	-0.01473
-0.02772	-0.01377
-0.02778	-0.01489
-0.02778	-0.01570
-0.02778	-0.01409
-0.02783	-0.01409
-0.02783	-0.01441
-0.02783	-0.01248
-0.02789	-0.01731
-0.02789	-0.01103
-0.02794	-0.01377
-0.02794	-0.01328
-0.02794	-0.01183
-0.02800	-0.01328
-0.02800	-0.01618
-0.02800	-0.01393
-0.02806	-0.01328
-0.02806	-0.01506
-0.02806	-0.00893
-0.02811	-0.01280
-0.02811	-0.01103
-0.02811	-0.00990
-0.02817	-0.01071
-0.02817	-0.01006
-0.02822	-0.01312
-0.02822	-0.01119
-0.02822	-0.01071
-0.02828	-0.00813
-0.02828	-0.01441
-0.02833	-0.01344
-0.02833	-0.01135
-0.02833	-0.01103
-0.02839	-0.01167
-0.02839	-0.01296
-0.02844	-0.01071
-0.02844	-0.01199
-0.02844	-0.01038
-0.02850	-0.01377
-0.02850	-0.01264
-0.02856	-0.00426
-0.02856	-0.00571
-0.02856	-0.00797
-0.02861	-0.00990
-0.02861	-0.00910
-0.02861	-0.00716
-0.02867	-0.01054
-0.02867	-0.00636
-0.02872	-0.00716
-0.02872	-0.01087
-0.02872	-0.01312
-0.02878	-0.00893
-0.02878	-0.00636
-0.02878	-0.00910
-0.02883	-0.00249
-0.02883	-0.00458
-0.02883	-0.00523
-0.02889	-0.00877
-0.02889	-0.00330
-0.02889	-0.00523
-0.02894	-0.00523
-0.02894	-0.00636
-0.02894	-0.00281
-0.02900	-0.00507
-0.02900	-0.00458
-0.02906	-0.00120
-0.02906	-0.00539
-0.02906	-0.00281
-0.02911	-0.00249
-0.02911	-0.00555
-0.02917	-0.00249
-0.02917	-0.00410
-0.02917	-0.00475
-0.02922	-0.00603
-0.02922	-0.00104
-0.02922	-0.00104
-0.02928	-0.00088
-0.02928	0.00138
-0.02933	-0.00201
-0.02933	0.00025
-0.02933	-0.00313
-0.02939	0.00105
-0.02939	0.00121
-0.02944	0.00154
-0.02944	0.00057
-0.02944	-0.00378
-0.02950	0.00379
-0.02950	0.00572
-0.02950	-0.00265
-0.02956	0.00025
-0.02956	-0.00072
-0.02956	0.00202
-0.02961	-0.00201
-0.02961	-0.00152
-0.02961	0.00089
-0.02967	0.00395
-0.02967	0.00315
-0.02967	0.00299
-0.02972	-0.00378
-0.02972	-0.00152
-0.02972	0.00444
-0.02978	0.00250
-0.02978	0.00444
-0.02978	0.00266
-0.02983	0.00283
-0.02983	0.00315
-0.02983	0.00283
-0.02989	0.00138
-0.02989	0.00444
-0.02994	0.00605
-0.02994	0.00879
-0.02994	0.00250
-0.03000	0.00846
-0.03000	0.00734
-0.03006	0.00637
-0.03006	0.00428
-0.03006	0.00991
-0.03011	0.00669
-0.03011	0.00170
-0.03011	0.00669
-0.03017	0.00637
-0.03017	0.01040
-0.03017	0.00846
-0.03022	0.00814
-0.03022	0.00637
-0.03022	0.00943
-0.03028	0.00782
-0.03028	0.00605
-0.03033	0.01136
-0.03033	0.01088
-0.03033	0.00685
-0.03039	0.01056
-0.03039	0.01201
-0.03039	0.01426
-0.03044	0.00943
-0.03044	0.01313
-0.03044	0.01426
-0.03050	0.01281
-0.03050	0.01104
-0.03050	0.01700
-0.03056	0.01410
-0.03056	0.01249
-0.03056	0.01571
-0.03061	0.01877
-0.03061	0.01781
-0.03061	0.01249
-0.03061	0.01426
-0.03067	0.01346
-0.03067	0.01587
-0.03072	0.01491
-0.03072	0.01797
-0.03072	0.01732
-0.03078	0.02280
-0.03078	0.01732
-0.03078	0.01620
-0.03083	0.02103
-0.03083	0.02119
-0.03089	0.02119
-0.03089	0.02135
-0.03089	0.02296
-0.03094	0.01797
-0.03094	0.02216
-0.03094	0.01893
-0.03100	0.02328
-0.03100	0.02522
-0.03100	0.02409
-0.03106	0.02038
-0.03106	0.02135
-0.03106	0.02135
-0.03111	0.02344
-0.03111	0.02103
-0.03117	0.02409
-0.03117	0.02296
-0.03117	0.02538
-0.03122	0.02457
-0.03122	0.02425
-0.03122	0.02538
-0.03128	0.02554
-0.03128	0.02473
-0.03128	0.02618
-0.03133	0.02779
-0.03133	0.02489
-0.03133	0.02602
-0.03139	0.02361
-0.03139	0.02699
-0.03139	0.02715
-0.03144	0.03279
-0.03144	0.02940
-0.03144	0.02957
-0.03144	0.02892
-0.03150	0.03214
-0.03150	0.03440
-0.03156	0.03391
-0.03156	0.03311
-0.03156	0.02812
-0.03161	0.03617
-0.03161	0.03230
-0.03161	0.03359
-0.03167	0.03102
-0.03167	0.03263
-0.03172	0.03553
-0.03172	0.03714
-0.03172	0.03343
-0.03178	0.03182
-0.03178	0.03843
-0.03178	0.03826
-0.03183	0.03923
-0.03183	0.04036
-0.03183	0.04068
-0.03189	0.03971
-0.03189	0.03617
-0.03189	0.04294
-0.03194	0.04165
-0.03194	0.04132
-0.03200	0.03746
-0.03200	0.04390
-0.03200	0.04294
-0.03206	0.03730
-0.03206	0.04439
-0.03206	0.04439
-0.03211	0.04326
-0.03211	0.04873
-0.03211	0.04068
-0.03217	0.04326
-0.03217	0.04616
-0.03217	0.04616
-0.03222	0.04761
-0.03222	0.04761
-0.03222	0.04600
-0.03228	0.05147
-0.03228	0.04696
-0.03228	0.04841
-0.03228	0.04873
-0.03233	0.04696
-0.03233	0.05180
-0.03233	0.04857
-0.03239	0.04986
-0.03239	0.04777
-0.03244	0.05453
-0.03244	0.05099
-0.03244	0.05856
-0.03250	0.05518
-0.03250	0.04970
-0.03250	0.05292
-0.03256	0.04922
-0.03256	0.05244
-0.03256	0.05566
-0.03261	0.05469
-0.03261	0.05228
-0.03267	0.05776
-0.03267	0.05856
-0.03267	0.05808
-0.03272	0.05743
-0.03272	0.06259
-0.03272	0.06017
-0.03278	0.06033
-0.03278	0.06162
-0.03278	0.06001
-0.03283	0.06243
-0.03283	0.06162
-0.03289	0.06017
-0.03289	0.05840
-0.03289	0.06678
-0.03294	0.06517
-0.03294	0.06227
-0.03294	0.06726
-0.03300	0.06533
-0.03300	0.06162
-0.03300	0.06839
-0.03306	0.06951
-0.03306	0.06355
-0.03306	0.06452
-0.03306	0.07113
-0.03311	0.06517
-0.03311	0.06726
-0.03317	0.06919
-0.03317	0.07145
-0.03317	0.07016
-0.03322	0.07435
-0.03322	0.07241
-0.03322	0.07612
-0.03328	0.07290
-0.03328	0.07322
-0.03333	0.07370
-0.03333	0.07016
-0.03333	0.07628
-0.03339	0.07805
-0.03339	0.07950
-0.03339	0.07499
-0.03344	0.07918
-0.03344	0.07531
-0.03350	0.08111
-0.03350	0.07757
-0.03350	0.07805
-0.03356	0.07934
-0.03356	0.08063
-0.03356	0.08079
-0.03361	0.08047
-0.03361	0.07966
-0.03361	0.08305
-0.03367	0.08450
-0.03367	0.08514
-0.03367	0.08756
-0.03372	0.09046
-0.03372	0.08852
-0.03378	0.08562
-0.03378	0.08611
-0.03378	0.08820
-0.03383	0.09094
-0.03383	0.09191
-0.03383	0.08595
-0.03389	0.09191
-0.03389	0.09658
-0.03389	0.08675
-0.03394	0.09384
-0.03394	0.09336
-0.03394	0.09207
-0.03400	0.09319
-0.03400	0.09674
-0.03406	0.09835
-0.03406	0.09803
-0.03406	0.09416
-0.03411	0.10205
-0.03411	0.09464
-0.03417	0.09819
-0.03417	0.10238
-0.03417	0.10366
-0.03422	0.10334
-0.03422	0.10447
-0.03422	0.10656
-0.03428	0.10044
-0.03428	0.11091
-0.03433	0.10576
-0.03433	0.10592
-0.03433	0.10608
-0.03439	0.10785
-0.03439	0.10608
-0.03439	0.10592
-0.03444	0.10528
-0.03444	0.10930
-0.03444	0.11011
-0.03450	0.10463
-0.03450	0.10866
-0.03456	0.11188
-0.03456	0.11140
-0.03456	0.11124
-0.03461	0.10866
-0.03461	0.11043
-0.03461	0.11607
-0.03467	0.11800
-0.03467	0.11832
-0.03472	0.11446
-0.03472	0.11542
-0.03472	0.11768
-0.03478	0.11494
-0.03478	0.12074
-0.03478	0.12235
-0.03483	0.11865
-0.03483	0.12138
-0.03483	0.11929
-0.03489	0.11993
-0.03489	0.12026
-0.03494	0.12219
-0.03494	0.11977
-0.03494	0.12541
-0.03500	0.12251
-0.03500	0.12557
-0.03500	0.12171
-0.03506	0.12944
-0.03506	0.12316
-0.03511	0.12461
-0.03511	0.13282
-0.03511	0.13443
-0.03517	0.13153
-0.03517	0.13234
-0.03517	0.13314
-0.03522	0.12912
-0.03522	0.13443
-0.03522	0.13540
-0.03528	0.13862
-0.03528	0.13781
-0.03533	0.13572
-0.03533	0.14088
-0.03533	0.14055
-0.03539	0.13862
-0.03539	0.13685
-0.03539	0.13991
-0.03544	0.13814
-0.03544	0.14249
-0.03544	0.13878
-0.03550	0.14039
-0.03550	0.14539
-0.03556	0.13975
-0.03556	0.14007
-0.03556	0.14667
-0.03561	0.14458
-0.03561	0.14909
-0.03561	0.14780
-0.03567	0.14877
-0.03567	0.15038
-0.03572	0.14861
-0.03572	0.14909
-0.03572	0.15231
-0.03578	0.14957
-0.03578	0.15151
-0.03583	0.15441
-0.03583	0.15457
-0.03583	0.15586
-0.03589	0.14893
-0.03589	0.15618
-0.03589	0.15618
-0.03594	0.15956
-0.03594	0.15666
-0.03600	0.16407
-0.03600	0.16182
-0.03600	0.15666
-0.03606	0.16488
-0.03606	0.16472
-0.03611	0.16278
-0.03611	0.16198
-0.03611	0.16166
-0.03617	0.16230
-0.03617	0.16649
-0.03617	0.16858
-0.03622	0.16617
-0.03622	0.16649
-0.03622	0.16665
-0.03628	0.16600
-0.03628	0.16778
-0.03633	0.16520
-0.03633	0.16907
-0.03633	0.17551
-0.03639	0.17293
-0.03639	0.17358
-0.03639	0.17213
-0.03644	0.17470
-0.03644	0.17309
-0.03644	0.17567
-0.03650	0.17583
-0.03650	0.17374
-0.03656	0.17132
-0.03656	0.17648
-0.03656	0.18211
-0.03661	0.17905
-0.03661	0.18147
-0.03667	0.18018
-0.03667	0.18082
-0.03667	0.17970
-0.03672	0.18453
-0.03672	0.18437
-0.03672	0.18324
-0.03678	0.18372
-0.03678	0.18276
-0.03683	0.18292
-0.03683	0.18920
-0.03683	0.18920
-0.03689	0.19049
-0.03689	0.18936
-0.03689	0.18727
-0.03694	0.18630
-0.03694	0.19081
-0.03700	0.19162
-0.03700	0.19210
-0.03700	0.19548
-0.03706	0.19242
-0.03706	0.19419
-0.03706	0.19484
-0.03711	0.19500
-0.03711	0.19693
-0.03717	0.19758
-0.03717	0.19871
-0.03717	0.19564
-0.03722	0.20144
-0.03722	0.19951
-0.03722	0.19645
-0.03728	0.20305
-0.03728	0.20193
-0.03728	0.20531
-0.03733	0.20628
-0.03733	0.20708
-0.03739	0.20563
-0.03739	0.20418
-0.03739	0.20676
-0.03744	0.20563
-0.03744	0.20821
-0.03744	0.21353
-0.03750	0.21208
-0.03750	0.21224
-0.03756	0.20982
-0.03756	0.21401
-0.03756	0.21256
-0.03761	0.21433
-0.03761	0.21288
-0.03767	0.21449
-0.03767	0.21433
-0.03767	0.21433
-0.03772	0.21707
-0.03772	0.21562
-0.03772	0.22383
-0.03778	0.21868
-0.03778	0.22255
-0.03783	0.22158
-0.03783	0.22303
-0.03783	0.22077
-0.03789	0.21852
-0.03789	0.22013
-0.03789	0.21868
-0.03794	0.22206
-0.03794	0.21900
-0.03794	0.21852
-0.03800	0.22528
-0.03800	0.22657
-0.03800	0.22561
-0.03806	0.22545
-0.03806	0.22545
-0.03806	0.22834
-0.03811	0.22174
-0.03811	0.23012
-0.03817	0.22609
-0.03817	0.23076
-0.03817	0.23157
-0.03822	0.22979
-0.03822	0.23060
-0.03822	0.22979
-0.03828	0.23028
-0.03828	0.23350
-0.03833	0.23511
-0.03833	0.23833
-0.03833	0.23382
-0.03839	0.23978
-0.03839	0.23447
-0.03839	0.23511
-0.03844	0.23640
-0.03844	0.23398
-0.03850	0.23930
-0.03850	0.24429
-0.03850	0.23656
-0.03856	0.24220
-0.03856	0.23930
-0.03856	0.23785
-0.03861	0.24703
-0.03861	0.24590
-0.03867	0.24542
-0.03867	0.24510
-0.03867	0.24494
-0.03872	0.24558
-0.03872	0.24558
-0.03872	0.24542
-0.03878	0.24816
-0.03878	0.24703
-0.03878	0.24912
-0.03883	0.25331
-0.03883	0.24478
-0.03883	0.25186
-0.03889	0.24800
-0.03889	0.25412
-0.03889	0.25605
-0.03894	0.24735
-0.03894	0.25331
-0.03894	0.25299
-0.03900	0.25637
-0.03900	0.25750
-0.03906	0.25331
-0.03906	0.25734
-0.03906	0.25621
-0.03911	0.25509
-0.03911	0.25960
-0.03911	0.25815
-0.03917	0.26040
-0.03917	0.25831
-0.03922	0.25943
-0.03922	0.25605
-0.03922	0.26668
-0.03928	0.26330
-0.03928	0.26394
-0.03928	0.26298
-0.03933	0.26266
-0.03933	0.26556
-0.03939	0.26491
-0.03939	0.26862
-0.03939	0.26781
-0.03944	0.26523
-0.03944	0.27087
-0.03944	0.26862
-0.03950	0.27168
-0.03950	0.26636
-0.03950	0.26749
-0.03956	0.26588
-0.03956	0.27007
-0.03956	0.27071
-0.03961	0.26846
-0.03961	0.26813
-0.03961	0.27152
-0.03967	0.27168
-0.03967	0.27184
-0.03967	0.27023
-0.03972	0.27635
-0.03972	0.27409
-0.03972	0.27232
-0.03978	0.27345
-0.03978	0.27442
-0.03978	0.27409
-0.03983	0.27989
-0.03983	0.27393
-0.03983	0.27796
-0.03989	0.27587
-0.03989	0.28150
-0.03989	0.27699
-0.03994	0.27957
-0.03994	0.27973
-0.04000	0.28005
-0.04000	0.27989
-0.04000	0.27860
-0.04006	0.27957
-0.04006	0.28424
-0.04006	0.28328
-0.04011	0.27844
-0.04011	0.28247
-0.04011	0.28360
-0.04017	0.28553
-0.04017	0.28424
-0.04022	0.28698
-0.04022	0.28295
-0.04022	0.28698
-0.04028	0.28666
-0.04028	0.28762
-0.04028	0.28762
-0.04033	0.28440
-0.04033	0.29068
-0.04033	0.28360
-0.04039	0.28650
-0.04039	0.29294
-0.04039	0.29391
-0.04044	0.28843
-0.04044	0.29391
-0.04044	0.29085
-0.04050	0.29213
-0.04050	0.29197
-0.04050	0.29230
-0.04056	0.29520
-0.04056	0.29101
-0.04056	0.29278
-0.04061	0.30003
-0.04061	0.29407
-0.04061	0.29117
-0.04067	0.29568
-0.04067	0.29455
-0.04067	0.29600
-0.04067	0.29874
-0.04072	0.29697
-0.04072	0.29568
-0.04078	0.29987
-0.04078	0.29697
-0.04078	0.29858
-0.04083	0.29584
-0.04083	0.30261
-0.04083	0.29809
-0.04089	0.30116
-0.04089	0.29729
-0.04094	0.29423
-0.04094	0.29826
-0.04094	0.29713
-0.04100	0.30083
-0.04100	0.30244
-0.04100	0.29987
-0.04106	0.29971
-0.04106	0.30083
-0.04106	0.29761
-0.04111	0.30180
-0.04111	0.30293
-0.04111	0.30631
-0.04117	0.30309
-0.04117	0.30293
-0.04122	0.30212
-0.04122	0.30019
-0.04122	0.30357
-0.04128	0.30647
-0.04128	0.30261
-0.04128	0.30631
-0.04133	0.30389
-0.04133	0.30422
-0.04133	0.31082
-0.04139	0.31018
-0.04139	0.31034
-0.04139	0.30776
-0.04144	0.31146
-0.04144	0.30647
-0.04144	0.30712
-0.04150	0.30712
-0.04150	0.30889
-0.04150	0.30969
-0.04156	0.31098
-0.04156	0.30438
-0.04156	0.31291
-0.04161	0.31018
-0.04161	0.30712
-0.04161	0.30969
-0.04167	0.30776
-0.04167	0.30985
-0.04172	0.30792
-0.04172	0.31195
-0.04172	0.31050
-0.04178	0.31227
-0.04178	0.31114
-0.04178	0.31291
-0.04183	0.31340
-0.04183	0.31630
-0.04189	0.31114
-0.04189	0.31195
-0.04189	0.31517
-0.04194	0.31662
-0.04194	0.31517
-0.04194	0.31501
-0.04200	0.31743
-0.04200	0.31291
-0.04206	0.31485
-0.04206	0.31420
-0.04206	0.31372
-0.04211	0.31195
-0.04211	0.30889
-0.04211	0.31227
-0.04217	0.31823
-0.04217	0.31759
-0.04217	0.31340
-0.04222	0.31678
-0.04222	0.31549
-0.04222	0.31630
-0.04228	0.31404
-0.04228	0.31308
-0.04228	0.31694
-0.04233	0.31807
-0.04233	0.31485
-0.04233	0.31726
-0.04239	0.31775
-0.04239	0.31501
-0.04239	0.32065
-0.04244	0.32161
-0.04244	0.31791
-0.04250	0.32097
-0.04250	0.32355
-0.04250	0.32516
-0.04256	0.31984
-0.04256	0.32387
-0.04261	0.32145
-0.04261	0.32258
-0.04261	0.32194
-0.04267	0.32339
-0.04267	0.32612
-0.04267	0.32612
-0.04272	0.32210
-0.04272	0.32145
-0.04278	0.32355
-0.04278	0.32451
-0.04278	0.32709
-0.04283	0.32790
-0.04283	0.32741
-0.04283	0.32371
-0.04289	0.32306
-0.04289	0.32097
-0.04294	0.31823
-0.04294	0.31710
-0.04294	0.31501
-0.04300	0.31694
-0.04300	0.30985
-0.04300	0.31710
-0.04306	0.31517
-0.04306	0.31743
-0.04306	0.31920
-0.04311	0.31114
-0.04311	0.31743
-0.04311	0.31485
-0.04317	0.31098
-0.04317	0.31275
-0.04317	0.30857
-0.04322	0.31308
-0.04322	0.30953
-0.04328	0.30454
-0.04328	0.30712
-0.04328	0.30969
-0.04333	0.30969
-0.04333	0.31018
-0.04339	0.30615
-0.04339	0.30599
-0.04339	0.30406
-0.04344	0.30309
-0.04344	0.30261
-0.04344	0.30470
-0.04350	0.30921
-0.04350	0.30631
-0.04356	0.30244
-0.04356	0.30196
-0.04356	0.30518
-0.04361	0.30615
-0.04361	0.30341
-0.04361	0.30744
-0.04367	0.30389
-0.04367	0.30663
-0.04372	0.30389
-0.04372	0.30615
-0.04372	0.30357
-0.04378	0.30550
-0.04378	0.30792
-0.04378	0.30792
-0.04383	0.30985
-0.04383	0.30840
-0.04383	0.30760
-0.04389	0.31018
-0.04389	0.30760
-0.04389	0.31146
-0.04394	0.31195
-0.04394	0.31308
-0.04394	0.31275
-0.04400	0.31984
-0.04400	0.31662
-0.04400	0.32355
-0.04406	0.32097
-0.04406	0.32161
-0.04411	0.32177
-0.04411	0.32032
-0.04411	0.32113
-0.04417	0.32258
-0.04417	0.32596
-0.04417	0.32451
-0.04422	0.32129
-0.04422	0.32612
-0.04428	0.32435
-0.04428	0.32387
-0.04428	0.32161
-0.04433	0.31823
-0.04433	0.31807
-0.04433	0.32081
-0.04439	0.31791
-0.04439	0.31807
-0.04439	0.31887
-0.04444	0.31436
-0.04444	0.32065
-0.04450	0.31630
-0.04450	0.31759
-0.04450	0.32081
-0.04456	0.31936
-0.04456	0.31598
-0.04456	0.31871
-0.04461	0.31952
-0.04461	0.31630
-0.04461	0.31469
-0.04467	0.31855
-0.04467	0.31066
-0.04467	0.31694
-0.04472	0.31066
-0.04472	0.31308
-0.04472	0.31469
-0.04478	0.31420
-0.04478	0.31598
-0.04483	0.31163
-0.04483	0.31098
-0.04483	0.31002
-0.04489	0.31146
-0.04489	0.31018
-0.04489	0.31114
-0.04494	0.31517
-0.04494	0.31066
-0.04500	0.30921
-0.04500	0.31146
-0.04500	0.30599
-0.04506	0.31195
-0.04506	0.31146
-0.04506	0.30857
-0.04511	0.30776
-0.04511	0.30615
-0.04517	0.30550
-0.04517	0.30615
-0.04517	0.30760
-0.04522	0.30695
-0.04522	0.31002
-0.04522	0.30792
-0.04528	0.30567
-0.04528	0.30647
-0.04528	0.30728
-0.04533	0.30808
-0.04533	0.30486
-0.04539	0.30857
-0.04539	0.30599
-0.04539	0.30712
-0.04544	0.30599
-0.04544	0.30534
-0.04544	0.30550
-0.04550	0.30357
-0.04550	0.30341
-0.04550	0.30615
-0.04556	0.29826
-0.04556	0.29826
-0.04556	0.29922
-0.04561	0.30051
-0.04561	0.29826
-0.04567	0.29745
-0.04567	0.29954
-0.04567	0.30373
-0.04572	0.30116
-0.04572	0.29745
-0.04572	0.30132
-0.04578	0.29954
-0.04578	0.29987
-0.04583	0.29745
-0.04583	0.29536
-0.04583	0.29874
-0.04589	0.29922
-0.04589	0.29761
-0.04594	0.29213
-0.04594	0.29713
-0.04594	0.29149
-0.04600	0.28907
-0.04600	0.29101
-0.04606	0.29181
-0.04606	0.29165
-0.04606	0.29004
-0.04611	0.28907
-0.04611	0.29085
-0.04611	0.29052
-0.04617	0.29020
-0.04617	0.28956
-0.04617	0.28907
-0.04622	0.29052
-0.04622	0.28891
-0.04622	0.28634
-0.04628	0.28521
-0.04628	0.28150
-0.04633	0.28440
-0.04633	0.28279
-0.04633	0.27973
-0.04639	0.28811
-0.04639	0.28344
-0.04639	0.28472
-0.04644	0.28021
-0.04644	0.27957
-0.04644	0.28295
-0.04650	0.28424
-0.04650	0.28779
-0.04656	0.27876
-0.04656	0.28021
-0.04656	0.27635
-0.04661	0.27812
-0.04661	0.27780
-0.04661	0.28215
-0.04667	0.28134
-0.04667	0.27458
-0.04672	0.27860
-0.04672	0.28102
-0.04672	0.27425
-0.04678	0.27667
-0.04678	0.27184
-0.04683	0.27425
-0.04683	0.27232
-0.04683	0.27168
-0.04689	0.27506
-0.04689	0.27570
-0.04689	0.27409
-0.04694	0.26636
-0.04694	0.26813
-0.04700	0.26926
-0.04700	0.26862
-0.04700	0.27168
-0.04706	0.27119
-0.04706	0.27007
-0.04706	0.26910
-0.04711	0.26105
-0.04711	0.26604
-0.04711	0.26701
-0.04717	0.26378
-0.04717	0.26556
-0.04717	0.26314
-0.04722	0.26346
-0.04722	0.26185
-0.04728	0.26024
-0.04728	0.26491
-0.04728	0.25911
-0.04733	0.26072
-0.04733	0.25960
-0.04733	0.25621
-0.04739	0.25815
-0.04739	0.25686
-0.04744	0.25589
-0.04744	0.25831
-0.04744	0.25831
-0.04750	0.25235
-0.04750	0.25202
-0.04750	0.25573
-0.04756	0.25331
-0.04756	0.24929
-0.04761	0.24751
-0.04761	0.25122
-0.04761	0.25396
-0.04767	0.24977
-0.04767	0.25202
-0.04767	0.25170
-0.04772	0.24800
-0.04772	0.25283
-0.04778	0.25331
-0.04778	0.25347
-0.04778	0.25283
-0.04783	0.25138
-0.04783	0.25219
-0.04783	0.24961
-0.04789	0.25299
-0.04789	0.24784
-0.04789	0.24687
-0.04794	0.24413
-0.04794	0.24526
-0.04794	0.24558
-0.04800	0.24687
-0.04800	0.24606
-0.04806	0.24220
-0.04806	0.24188
-0.04806	0.24461
-0.04811	0.24139
-0.04811	0.23930
-0.04811	0.24091
-0.04817	0.23882
-0.04817	0.24188
-0.04817	0.23994
-0.04822	0.24236
-0.04822	0.23785
-0.04822	0.23640
-0.04828	0.23575
-0.04828	0.23431
-0.04833	0.23704
-0.04833	0.23495
-0.04833	0.23269
-0.04839	0.23221
-0.04839	0.23286
-0.04839	0.23092
-0.04844	0.22979
-0.04844	0.23092
-0.04850	0.22706
-0.04850	0.22915
-0.04850	0.22706
-0.04856	0.22770
-0.04856	0.22528
-0.04856	0.22464
-0.04861	0.22754
-0.04861	0.22657
-0.04867	0.22416
-0.04867	0.22045
-0.04867	0.22673
-0.04872	0.22271
-0.04872	0.22351
-0.04872	0.22561
-0.04878	0.21981
-0.04878	0.22110
-0.04878	0.22061
-0.04883	0.22061
-0.04883	0.22255
-0.04883	0.21594
-0.04889	0.21755
-0.04889	0.21208
-0.04894	0.21353
-0.04894	0.21401
-0.04894	0.21336
-0.04900	0.21691
-0.04900	0.21336
-0.04900	0.21965
-0.04906	0.21127
-0.04906	0.21030
-0.04906	0.21046
-0.04911	0.21095
-0.04911	0.20563
-0.04911	0.20096
-0.04917	0.20837
-0.04917	0.20531
-0.04922	0.20128
-0.04922	0.20386
-0.04922	0.20064
-0.04928	0.20048
-0.04928	0.19999
-0.04928	0.20177
-0.04933	0.19806
-0.04933	0.19871
-0.04939	0.19613
-0.04939	0.19403
-0.04939	0.19242
-0.04944	0.19355
-0.04944	0.19581
-0.04944	0.19275
-0.04950	0.19097
-0.04950	0.18872
-0.04950	0.18856
-0.04956	0.19146
-0.04956	0.18807
-0.04956	0.18872
-0.04961	0.19194
-0.04961	0.18904
-0.04967	0.19001
-0.04967	0.18743
-0.04967	0.18469
-0.04972	0.18324
-0.04972	0.18727
-0.04972	0.18115
-0.04978	0.17954
-0.04978	0.18227
-0.04978	0.17776
-0.04983	0.18292
-0.04983	0.17615
-0.04983	0.18018
-0.04989	0.17583
-0.04989	0.18179
-0.04989	0.17567
-0.04994	0.17567
-0.04994	0.17535
-0.04994	0.17390
-0.05000	0.17003
-0.05000	0.17293
-0.05000	0.17180
-0.05006	0.17100
-0.05006	0.17422
-0.05011	0.17486
-0.05011	0.17196
-0.05011	0.17213
-0.05017	0.17196
-0.05017	0.16794
-0.05017	0.16858
-0.05022	0.16939
-0.05022	0.16536
-0.05028	0.16890
-0.05028	0.16488
-0.05028	0.16488
-0.05033	0.16391
-0.05033	0.16504
-0.05033	0.15924
-0.05039	0.16423
-0.05039	0.16133
-0.05039	0.16230
-0.05044	0.15602
-0.05044	0.15763
-0.05044	0.15666
-0.05050	0.15779
-0.05050	0.15650
-0.05050	0.15392
-0.05056	0.15570
-0.05056	0.15006
-0.05056	0.15280
-0.05061	0.15296
-0.05061	0.15102
-0.05061	0.14941
-0.05067	0.15280
-0.05067	0.15296
-0.05067	0.14990
-0.05072	0.14732
-0.05072	0.15022
-0.05072	0.14651
-0.05078	0.14651
-0.05078	0.14829
-0.05078	0.14474
-0.05083	0.14394
-0.05083	0.14748
-0.05089	0.14039
-0.05089	0.13910
-0.05089	0.13910
-0.05094	0.13894
-0.05094	0.13894
-0.05094	0.14184
-0.05100	0.13830
-0.05100	0.13475
-0.05100	0.13443
-0.05106	0.13556
-0.05106	0.13540
-0.05111	0.13298
-0.05111	0.13330
-0.05111	0.13395
-0.05117	0.13089
-0.05117	0.12783
-0.05117	0.12799
-0.05122	0.12622
-0.05122	0.12863
-0.05122	0.12944
-0.05128	0.12718
-0.05128	0.12912
-0.05133	0.13040
-0.05133	0.12348
-0.05133	0.12847
-0.05139	0.12944
-0.05139	0.12847
-0.05139	0.12074
-0.05144	0.12219
-0.05144	0.12493
-0.05144	0.12783
-0.05144	0.12396
-0.05150	0.12267
-0.05150	0.12010
-0.05150	0.12316
-0.05156	0.12702
-0.05156	0.11961
-0.05161	0.12364
-0.05161	0.12332
-0.05161	0.12042
-0.05167	0.11929
-0.05167	0.11977
-0.05167	0.12267
-0.05172	0.11832
-0.05172	0.12187
-0.05172	0.11977
-0.05178	0.12203
-0.05178	0.11559
-0.05183	0.11977
-0.05183	0.11510
-0.05183	0.11414
-0.05189	0.11752
-0.05189	0.11204
-0.05189	0.11542
-0.05194	0.12042
-0.05194	0.11784
-0.05194	0.11816
-0.05200	0.11591
-0.05200	0.11478
-0.05206	0.11365
-0.05206	0.10979
-0.05206	0.10946
-0.05211	0.11430
-0.05211	0.11172
-0.05211	0.11188
-0.05217	0.10979
-0.05217	0.10656
-0.05217	0.10753
-0.05222	0.10705
-0.05222	0.10640
-0.05222	0.10785
-0.05228	0.10914
-0.05228	0.10769
-0.05228	0.10093
-0.05233	0.10528
-0.05233	0.09996
-0.05233	0.10077
-0.05239	0.10431
-0.05239	0.10286
-0.05239	0.10189
-0.05244	0.10366
-0.05244	0.10125
-0.05244	0.10012
-0.05250	0.10028
-0.05250	0.09609
-0.05256	0.09706
-0.05256	0.09384
-0.05256	0.09658
-0.05261	0.09915
-0.05261	0.09674
-0.05261	0.09464
-0.05267	0.09464
-0.05267	0.09110
-0.05267	0.09529
-0.05272	0.09400
-0.05272	0.09029
-0.05278	0.09078
-0.05278	0.08675
-0.05278	0.09207
-0.05283	0.08595
-0.05283	0.08659
-0.05283	0.08337
-0.05289	0.08868
-0.05289	0.08417
-0.05294	0.08788
-0.05294	0.08482
-0.05294	0.08369
-0.05300	0.08659
-0.05300	0.08208
-0.05300	0.08305
-0.05306	0.08546
-0.05306	0.07709
-0.05306	0.07821
-0.05311	0.08095
-0.05311	0.07483
-0.05311	0.07596
-0.05317	0.07854
-0.05317	0.07805
-0.05317	0.07886
-0.05322	0.07499
-0.05322	0.07886
-0.05322	0.07403
-0.05328	0.07741
-0.05328	0.07274
-0.05333	0.06984
-0.05333	0.06871
-0.05333	0.07145
-0.05339	0.06951
-0.05339	0.07419
-0.05339	0.07386
-0.05344	0.06855
-0.05344	0.07193
-0.05350	0.06790
-0.05350	0.07032
-0.05350	0.06984
-0.05356	0.06726
-0.05356	0.06500
-0.05356	0.06951
-0.05361	0.06420
-0.05361	0.06694
-0.05367	0.06065
-0.05367	0.06178
-0.05367	0.06194
-0.05372	0.06001
-0.05372	0.05695
-0.05372	0.05308
-0.05378	0.05276
-0.05378	0.05921
-0.05378	0.05743
-0.05383	0.05550
-0.05383	0.05566
-0.05389	0.05325
-0.05389	0.05228
-0.05389	0.05631
-0.05394	0.05502
-0.05394	0.05115
-0.05394	0.05276
-0.05400	0.05083
-0.05400	0.04439
-0.05400	0.04616
-0.05406	0.04374
-0.05406	0.04551
-0.05411	0.05002
-0.05411	0.04825
-0.05411	0.04358
-0.05417	0.04310
-0.05417	0.04100
-0.05417	0.03891
-0.05422	0.04181
-0.05422	0.03794
-0.05428	0.03778
-0.05428	0.04213
-0.05428	0.04084
-0.05433	0.03665
-0.05433	0.04004
-0.05433	0.03714
-0.05439	0.03601
-0.05439	0.03536
-0.05439	0.04004
-0.05444	0.03875
-0.05444	0.03939
-0.05450	0.03504
-0.05450	0.04116
-0.05450	0.03681
-0.05456	0.03826
-0.05456	0.03408
-0.05456	0.03891
-0.05461	0.03665
-0.05461	0.03955
-0.05461	0.03794
-0.05467	0.03955
-0.05467	0.03327
-0.05472	0.03730
-0.05472	0.03504
-0.05472	0.03601
-0.05478	0.03520
-0.05478	0.03617
-0.05478	0.04004
-0.05483	0.03375
-0.05483	0.03504
-0.05483	0.03456
-0.05489	0.03005
-0.05489	0.03198
-0.05494	0.02715
-0.05494	0.02924
-0.05494	0.03424
-0.05500	0.02989
-0.05500	0.03198
-0.05506	0.03246
-0.05506	0.02957
-0.05506	0.03150
-0.05511	0.02908
-0.05511	0.02989
-0.05511	0.03279
-0.05517	0.02908
-0.05517	0.02747
-0.05522	0.02731
-0.05522	0.02618
-0.05522	0.02892
-0.05528	0.02264
-0.05528	0.02667
-0.05528	0.03005
-0.05533	0.02151
-0.05533	0.01974
-0.05539	0.02973
-0.05539	0.02199
-0.05539	0.02425
-0.05544	0.02216
-0.05544	0.01877
-0.05544	0.02167
-0.05550	0.02216
-0.05550	0.02554
-0.05550	0.02377
-0.05556	0.02151
-0.05556	0.01716
-0.05561	0.01732
-0.05561	0.01732
-0.05561	0.01716
-0.05567	0.01990
-0.05567	0.01636
-0.05567	0.01458
-0.05572	0.01523
-0.05572	0.01861
-0.05578	0.01668
-0.05578	0.01620
-0.05578	0.01523
-0.05583	0.01523
-0.05583	0.01507
-0.05589	0.01362
-0.05589	0.01732
-0.05589	0.01652
-0.05594	0.01555
-0.05594	0.01410
-0.05600	0.01024
-0.05600	0.01233
-0.05600	0.00895
-0.05605	0.00782
-0.05605	0.01168
-0.05611	0.01394
-0.05611	0.01201
-0.05611	0.00975
-0.05617	0.00814
-0.05617	0.00879
-0.05617	0.00685
-0.05622	0.00943
-0.05622	0.00540
-0.05628	0.00734
-0.05628	0.00524
-0.05628	0.00411
-0.05633	0.00556
-0.05633	0.00121
-0.05633	0.00202
-0.05639	0.00589
-0.05639	0.00444
-0.05644	0.00782
-0.05644	0.00717
-0.05644	0.00589
-0.05650	0.00266
-0.05650	0.00395
-0.05650	0.00411
-0.05655	0.00411
-0.05655	0.00347
-0.05661	0.00315
-0.05661	0.00379
-0.05661	0.00202
-0.05667	0.00347
-0.05667	-0.00281
-0.05672	0.00089
-0.05672	0.00266
-0.05672	0.00154
-0.05678	-0.00056
-0.05678	-0.00104
-0.05683	-0.00330
-0.05683	-0.00056
-0.05683	0.00186
-0.05689	0.00089
-0.05689	-0.00539
-0.05694	-0.00587
-0.05694	-0.00426
-0.05694	-0.00636
-0.05700	0.00154
-0.05700	-0.00507
-0.05700	-0.00313
-0.05705	-0.00152
-0.05705	-0.00587
-0.05711	-0.00507
-0.05711	-0.00378
-0.05711	-0.00169
-0.05717	-0.00603
-0.05717	-0.00346
-0.05717	-0.00394
-0.05722	-0.01103
-0.05722	-0.01006
-0.05722	-0.00539
-0.05728	-0.00781
-0.05728	-0.00442
-0.05733	-0.00910
-0.05733	-0.00845
-0.05733	-0.00893
-0.05739	-0.00910
-0.05739	-0.01216
-0.05744	-0.00523
-0.05744	-0.00958
-0.05744	-0.00523
-0.05750	-0.00910
-0.05750	-0.01022
-0.05755	-0.00797
-0.05755	-0.01071
-0.05755	-0.00990
-0.05761	-0.00893
-0.05761	-0.00813
-0.05767	-0.00845
-0.05767	-0.01006
-0.05767	-0.01409
-0.05772	-0.00942
-0.05772	-0.01071
-0.05772	-0.00974
-0.05778	-0.01328
-0.05778	-0.01361
-0.05783	-0.01216
-0.05783	-0.01087
-0.05783	-0.01296
-0.05789	-0.01747
-0.05789	-0.01071
-0.05789	-0.01312
-0.05794	-0.01006
-0.05794	-0.01199
-0.05794	-0.01377
-0.05800	-0.01618
-0.05800	-0.01441
-0.05805	-0.01248
-0.05805	-0.01183
-0.05805	-0.00781
-0.05811	-0.01344
-0.05811	-0.01038
-0.05811	-0.01199
-0.05817	-0.01393
-0.05817	-0.01393
-0.05817	-0.01828
-0.05822	-0.01538
-0.05822	-0.01812
-0.05828	-0.01522
-0.05828	-0.01634
-0.05828	-0.01216
-0.05833	-0.01715
-0.05833	-0.01554
-0.05833	-0.01248
-0.05839	-0.01651
-0.05839	-0.01618
-0.05844	-0.01425
-0.05844	-0.01506
-0.05844	-0.01876
-0.05850	-0.01828
-0.05850	-0.01651
-0.05855	-0.01908
-0.05855	-0.01506
-0.05855	-0.01683
-0.05861	-0.01989
-0.05861	-0.01973
-0.05861	-0.01538
-0.05867	-0.01248
-0.05867	-0.01441
-0.05872	-0.01586
-0.05872	-0.01473
-0.05872	-0.02166
-0.05878	-0.01860
-0.05878	-0.01618
-0.05878	-0.01892
-0.05883	-0.01473
-0.05883	-0.01860
-0.05883	-0.01586
-0.05889	-0.01489
-0.05889	-0.01634
-0.05889	-0.02069
-0.05894	-0.02311
-0.05894	-0.01828
-0.05900	-0.02118
-0.05900	-0.01538
-0.05900	-0.01876
-0.05905	-0.01812
-0.05905	-0.02021
-0.05905	-0.01457
-0.05911	-0.01651
-0.05911	-0.01618
-0.05911	-0.01747
-0.05917	-0.02198
-0.05917	-0.02150
-0.05922	-0.01618
-0.05922	-0.01409
-0.05922	-0.01667
-0.05928	-0.02375
-0.05928	-0.02166
-0.05928	-0.02198
-0.05933	-0.02230
-0.05933	-0.02118
-0.05939	-0.02134
-0.05939	-0.01538
-0.05939	-0.02053
-0.05944	-0.02166
-0.05944	-0.01973
-0.05944	-0.01812
-0.05950	-0.02247
-0.05950	-0.01876
-0.05955	-0.01828
-0.05955	-0.01989
-0.05955	-0.01699
-0.05961	-0.02069
-0.05961	-0.01973
-0.05961	-0.01957
-0.05967	-0.01876
-0.05967	-0.01860
-0.05967	-0.01828
-0.05972	-0.02069
-0.05972	-0.02037
-0.05972	-0.02247
-0.05978	-0.02102
-0.05978	-0.02166
-0.05978	-0.01973
-0.05983	-0.01908
-0.05983	-0.01795
-0.05983	-0.01844
-0.05989	-0.01957
-0.05989	-0.02327
-0.05989	-0.02327
-0.05994	-0.02504
-0.05994	-0.02472
-0.06000	-0.01795
-0.06000	-0.02150
-0.06000	-0.01602
-0.06005	-0.02311
-0.06005	-0.02359
-0.06005	-0.02375
-0.06011	-0.01795
-0.06011	-0.01602
-0.06017	-0.02053
-0.06017	-0.02279
-0.06017	-0.02069
-0.06022	-0.02118
-0.06022	-0.02585
-0.06022	-0.02359
-0.06028	-0.02295
-0.06028	-0.02166
-0.06028	-0.01924
-0.06033	-0.02166
-0.06033	-0.01924
-0.06039	-0.01715
-0.06039	-0.02279
-0.06039	-0.02037
-0.06044	-0.01828
-0.06044	-0.02263
-0.06044	-0.02102
-0.06050	-0.01860
-0.06050	-0.01924
-0.06050	-0.02102
-0.06055	-0.02343
-0.06055	-0.02247
-0.06055	-0.01908
-0.06061	-0.01715
-0.06061	-0.02214
-0.06061	-0.01908
-0.06067	-0.01892
-0.06067	-0.02214
-0.06067	-0.02553
-0.06072	-0.02472
-0.06072	-0.01876
-0.06072	-0.01924
-0.06078	-0.02279
-0.06078	-0.01892
-0.06078	-0.01506
-0.06083	-0.02214
-0.06083	-0.02198
-0.06083	-0.02665
-0.06089	-0.02295
-0.06089	-0.02053
-0.06094	-0.02247
-0.06094	-0.02085
-0.06094	-0.02118
-0.06100	-0.01892
-0.06100	-0.02263
-0.06100	-0.02440
-0.06105	-0.02279
-0.06105	-0.01940
-0.06105	-0.01860
-0.06111	-0.01844
-0.06111	-0.02182
-0.06111	-0.01973
-0.06117	-0.02536
-0.06117	-0.01973
-0.06122	-0.01844
-0.06122	-0.01957
-0.06122	-0.01844
-0.06128	-0.02005
-0.06128	-0.02295
-0.06128	-0.02440
-0.06133	-0.02585
-0.06133	-0.01924
-0.06133	-0.02102
-0.06139	-0.01973
-0.06139	-0.02134
-0.06139	-0.02118
-0.06144	-0.02005
-0.06144	-0.02037
-0.06144	-0.02295
-0.06150	-0.02391
-0.06150	-0.01892
-0.06150	-0.01651
-0.06155	-0.01892
-0.06155	-0.01731
-0.06155	-0.01795
-0.06161	-0.02134
-0.06161	-0.02069
-0.06161	-0.01989
-0.06167	-0.01812
-0.06167	-0.01844
-0.06167	-0.02198
-0.06172	-0.01924
-0.06172	-0.02520
-0.06178	-0.01683
-0.06178	-0.02247
-0.06178	-0.01924
-0.06183	-0.02134
-0.06183	-0.01699
-0.06183	-0.02247
-0.06189	-0.02230
-0.06189	-0.01457
-0.06189	-0.02069
-0.06194	-0.01812
-0.06194	-0.01602
-0.06200	-0.01973
-0.06200	-0.01828
-0.06200	-0.01892
-0.06205	-0.01441
-0.06205	-0.01812
-0.06205	-0.01651
-0.06211	-0.01876
-0.06211	-0.02037
-0.06211	-0.02279
-0.06217	-0.01908
-0.06217	-0.01683
-0.06217	-0.01812
-0.06222	-0.01812
-0.06222	-0.01957
-0.06222	-0.01812
-0.06228	-0.01473
-0.06228	-0.01473
-0.06228	-0.02102
-0.06233	-0.01731
-0.06233	-0.01973
-0.06233	-0.02198
-0.06233	-0.01747
-0.06239	-0.01876
-0.06239	-0.01602
-0.06239	-0.01538
-0.06244	-0.01586
-0.06244	-0.01602
-0.06250	-0.01602
-0.06250	-0.01651
-0.06250	-0.01586
-0.06255	-0.02198
-0.06255	-0.01216
-0.06255	-0.01763
-0.06261	-0.01908
-0.06261	-0.01570
-0.06267	-0.01747
-0.06267	-0.01425
-0.06267	-0.01715
-0.06272	-0.01361
-0.06272	-0.01844
-0.06272	-0.01457
-0.06278	-0.01602
-0.06278	-0.01892
-0.06278	-0.01344
-0.06283	-0.01651
-0.06283	-0.01538
-0.06289	-0.01489
-0.06289	-0.01328
-0.06289	-0.02021
-0.06294	-0.01683
-0.06294	-0.01441
-0.06294	-0.01634
-0.06300	-0.00861
-0.06300	-0.01715
-0.06300	-0.01908
-0.06305	-0.01554
-0.06305	-0.01651
-0.06305	-0.01473
-0.06311	-0.01570
-0.06311	-0.01296
-0.06311	-0.01151
-0.06317	-0.01506
-0.06317	-0.01361
-0.06317	-0.01248
-0.06322	-0.01522
-0.06322	-0.01618
-0.06322	-0.01683
-0.06328	-0.01457
-0.06328	-0.01296
-0.06333	-0.01570
-0.06333	-0.01344
-0.06333	-0.01312
-0.06339	-0.01586
-0.06339	-0.01409
-0.06339	-0.01699
-0.06344	-0.01441
-0.06344	-0.01135
-0.06350	-0.01361
-0.06350	-0.01328
-0.06350	-0.00926
-0.06355	-0.01570
-0.06355	-0.01361
-0.06355	-0.01183
-0.06361	-0.01457
-0.06361	-0.01199
-0.06367	-0.01199
-0.06367	-0.01248
-0.06367	-0.01489
-0.06372	-0.01071
-0.06372	-0.01699
-0.06372	-0.01812
-0.06378	-0.01167
-0.06378	-0.01038
-0.06378	-0.01071
-0.06383	-0.01216
-0.06383	-0.01538
-0.06383	-0.01248
-0.06389	-0.01506
-0.06389	-0.01361
-0.06389	-0.01393
-0.06394	-0.01135
-0.06394	-0.01602
-0.06394	-0.01425
-0.06400	-0.01522
-0.06400	-0.01006
-0.06405	-0.01570
-0.06405	-0.01264
-0.06405	-0.01747
-0.06411	-0.01296
-0.06411	-0.01232
-0.06417	-0.01071
-0.06417	-0.01038
-0.06417	-0.01248
-0.06422	-0.00797
-0.06422	-0.00990
-0.06422	-0.01312
-0.06428	-0.01344
-0.06428	-0.01312
-0.06433	-0.01538
-0.06433	-0.01506
-0.06433	-0.01119
-0.06439	-0.01087
-0.06439	-0.01135
-0.06439	-0.01038
-0.06444	-0.01087
-0.06444	-0.01216
-0.06450	-0.00781
-0.06450	-0.01248
-0.06450	-0.01216
-0.06455	-0.00926
-0.06455	-0.01183
-0.06455	-0.01071
-0.06461	-0.01183
-0.06461	-0.01054
-0.06461	-0.00813
-0.06467	-0.00845
-0.06467	-0.00893
-0.06467	-0.01199
-0.06472	-0.01344
-0.06472	-0.01522
-0.06478	-0.01038
-0.06478	-0.01473
-0.06478	-0.01264
-0.06483	-0.01038
-0.06483	-0.01312
-0.06483	-0.01232
-0.06489	-0.00958
-0.06489	-0.00797
-0.06494	-0.01006
-0.06494	-0.01119
-0.06494	-0.00845
-0.06500	-0.01071
-0.06500	-0.00829
-0.06500	-0.00893
-0.06505	-0.00748
-0.06505	-0.01038
-0.06511	-0.01216
-0.06511	-0.00765
-0.06511	-0.00636
-0.06517	-0.00765
-0.06517	-0.00990
-0.06522	-0.01344
-0.06522	-0.00797
-0.06522	-0.01344
-0.06528	-0.01119
-0.06528	-0.00668
-0.06528	-0.00620
-0.06533	-0.00942
-0.06533	-0.01135
-0.06533	-0.00636
-0.06539	-0.00829
-0.06539	-0.01441
-0.06544	-0.00958
-0.06544	-0.00861
-0.06544	-0.00765
-0.06550	-0.00732
-0.06550	-0.01183
-0.06550	-0.01248
-0.06555	-0.01151
-0.06555	-0.01522
-0.06555	-0.00910
-0.06561	-0.00861
-0.06561	-0.00845
-0.06567	-0.00813
-0.06567	-0.00910
-0.06567	-0.00813
-0.06572	-0.01071
-0.06572	-0.01087
-0.06578	-0.01071
-0.06578	-0.01377
-0.06578	-0.00555
-0.06583	-0.00829
-0.06583	-0.00829
-0.06589	-0.00990
-0.06589	-0.01022
-0.06589	-0.00732
-0.06594	-0.00926
-0.06594	-0.01119
-0.06600	-0.00910
-0.06600	-0.01232
-0.06600	-0.01103
-0.06605	-0.00974
-0.06605	-0.00942
-0.06611	-0.00910
-0.06611	-0.01296
-0.06611	-0.01328
-0.06617	-0.00877
-0.06617	-0.00781
-0.06617	-0.01071
-0.06622	-0.01038
-0.06622	-0.00781
-0.06622	-0.00313
-0.06628	-0.00861
-0.06628	-0.00829
-0.06633	-0.00942
-0.06633	-0.00523
-0.06633	-0.00910
-0.06639	-0.01232
-0.06639	-0.01006
-0.06639	-0.01377
-0.06644	-0.01038
-0.06644	-0.00539
-0.06650	-0.01135
-0.06650	-0.00910
-0.06650	-0.00007
-0.06655	-0.00426
-0.06655	-0.00748
-0.06661	-0.00684
-0.06661	-0.00910
-0.06661	-0.00781
-0.06667	-0.00974
-0.06667	-0.01103
-0.06672	-0.01087
-0.06672	-0.01006
-0.06672	-0.00458
-0.06678	-0.01216
-0.06678	-0.00797
-0.06683	-0.00813
-0.06683	-0.00507
-0.06683	-0.00652
-0.06689	-0.00877
-0.06689	-0.00539
-0.06689	-0.01054
-0.06694	-0.01264
-0.06694	-0.00942
-0.06700	-0.00620
-0.06700	-0.00845
-0.06700	-0.00829
-0.06705	-0.00007
-0.06705	-0.01054
-0.06705	-0.00990
-0.06711	-0.00877
-0.06711	-0.00813
-0.06717	-0.00539
-0.06717	-0.01232
-0.06717	-0.01071
-0.06722	-0.01006
-0.06722	-0.00861
-0.06722	-0.00555
-0.06728	-0.00652
-0.06728	-0.01022
-0.06733	-0.00877
-0.06733	-0.00716
-0.06733	-0.00958
-0.06739	-0.00458
-0.06739	-0.00426
-0.06739	-0.00603
-0.06744	-0.00700
-0.06744	-0.01038
-0.06750	-0.00845
-0.06750	-0.01280
-0.06750	-0.00716
-0.06755	-0.01151
-0.06755	-0.00797
-0.06761	-0.00475
-0.06761	-0.00797
-0.06761	-0.01119
-0.06767	-0.00652
-0.06767	-0.01441
-0.06767	-0.00797
-0.06772	-0.00877
-0.06772	-0.00893
-0.06778	-0.00958
-0.06778	-0.00732
-0.06778	-0.01103
-0.06783	-0.00636
-0.06783	-0.00620
-0.06783	-0.00475
-0.06789	-0.00700
-0.06789	-0.00748
-0.06789	-0.00555
-0.06794	-0.00523
-0.06794	-0.00603
-0.06800	-0.00475
-0.06800	-0.01087
-0.06800	-0.01296
-0.06805	-0.00748
-0.06805	-0.00958
-0.06805	-0.00732
-0.06811	-0.00587
-0.06811	-0.00555
-0.06811	-0.00829
-0.06817	-0.00555
-0.06817	-0.01183
-0.06822	-0.01280
-0.06822	-0.00684
-0.06822	-0.00507
-0.06828	-0.00716
-0.06828	-0.00700
-0.06828	-0.00732
-0.06833	-0.00523
-0.06833	-0.01135
-0.06839	-0.00893
-0.06839	-0.00910
-0.06839	-0.01232
-0.06844	-0.00781
-0.06844	-0.01022
-0.06850	-0.00587
-0.06850	-0.00571
-0.06850	-0.00942
-0.06855	-0.01151
-0.06855	-0.00893
-0.06855	-0.00781
-0.06861	-0.00668
-0.06861	-0.01296
-0.06867	-0.00668
-0.06867	-0.01022
-0.06867	-0.00684
-0.06872	-0.00620
-0.06872	-0.00603
-0.06872	-0.00910
-0.06878	-0.00652
-0.06878	-0.01167
-0.06878	-0.01232
-0.06883	-0.01071
-0.06883	-0.00797
-0.06889	-0.00620
-0.06889	-0.00845
-0.06889	-0.00426
-0.06894	-0.00781
-0.06894	-0.00748
-0.06894	-0.00893
-0.06900	-0.01328
-0.06900	-0.00620
-0.06900	-0.00910
-0.06905	-0.00555
-0.06905	-0.00893
-0.06911	-0.00910
-0.06911	-0.00684
-0.06911	-0.01183
-0.06917	-0.00926
-0.06917	-0.01103
-0.06917	-0.01006
-0.06922	-0.01151
-0.06922	-0.00797
-0.06928	-0.00910
-0.06928	-0.01087
-0.06928	-0.00958
-0.06933	-0.01022
-0.06933	-0.00813
-0.06933	-0.01296
-0.06939	-0.00781
-0.06939	-0.00942
-0.06944	-0.01006
-0.06944	-0.00716
-0.06944	-0.00990
-0.06950	-0.01361
-0.06950	-0.01248
-0.06950	-0.00700
-0.06955	-0.01054
-0.06955	-0.00765
-0.06955	-0.00765
-0.06961	-0.00893
-0.06961	-0.00813
-0.06961	-0.00974
-0.06967	-0.01183
-0.06967	-0.01328
-0.06972	-0.01103
-0.06972	-0.01199
-0.06972	-0.01747
-0.06978	-0.01022
-0.06978	-0.00700
-0.06978	-0.01296
-0.06983	-0.01119
-0.06983	-0.01038
-0.06983	-0.00990
-0.06989	-0.00990
-0.06989	-0.00684
-0.06989	-0.00974
-0.06994	-0.00958
-0.06994	-0.00829
-0.06994	-0.00958
-0.07000	-0.01054
-0.07000	-0.01393
-0.07000	-0.01361
-0.07005	-0.00958
-0.07005	-0.00958
-0.07011	-0.00861
-0.07011	-0.01296
-0.07011	-0.00668
-0.07017	-0.01199
-0.07017	-0.01183
-0.07017	-0.01312
-0.07022	-0.00942
-0.07022	-0.01071
-0.07028	-0.01667
-0.07028	-0.01296
-0.07028	-0.00942
-0.07033	-0.01296
-0.07033	-0.01570
-0.07033	-0.00942
-0.07039	-0.00732
-0.07039	-0.01071
-0.07039	-0.01393
-0.07044	-0.00813
-0.07044	-0.01312
-0.07044	-0.00990
-0.07050	-0.01038
-0.07050	-0.01812
-0.07050	-0.01216
-0.07055	-0.01328
-0.07055	-0.01248
-0.07055	-0.01167
-0.07061	-0.01087
-0.07061	-0.01618
-0.07061	-0.01506
-0.07067	-0.01248
-0.07067	-0.01151
-0.07067	-0.01731
-0.07072	-0.01199
-0.07072	-0.01634
-0.07072	-0.01038
-0.07078	-0.01119
-0.07078	-0.01489
-0.07083	-0.01699
-0.07083	-0.01248
-0.07083	-0.01506
-0.07089	-0.01054
-0.07089	-0.01602
-0.07089	-0.01506
-0.07094	-0.01232
-0.07094	-0.01071
-0.07100	-0.01022
-0.07100	-0.01554
-0.07100	-0.01538
-0.07105	-0.01216
-0.07105	-0.01457
-0.07105	-0.01248
-0.07111	-0.01167
-0.07111	-0.01409
-0.07111	-0.01586
-0.07117	-0.01473
-0.07117	-0.01216
-0.07122	-0.01312
-0.07122	-0.01683
-0.07122	-0.01618
-0.07128	-0.01328
-0.07128	-0.01554
-0.07128	-0.01393
-0.07133	-0.01570
-0.07133	-0.01248
-0.07133	-0.01618
-0.07139	-0.01264
-0.07139	-0.01344
-0.07139	-0.01393
-0.07144	-0.01457
-0.07144	-0.01473
-0.07144	-0.01312
-0.07144	-0.01054
-0.07150	-0.01280
-0.07150	-0.01054
-0.07150	-0.01312
-0.07155	-0.01087
-0.07155	-0.01457
-0.07155	-0.01618
-0.07161	-0.01522
-0.07161	-0.01489
-0.07167	-0.01038
-0.07167	-0.01683
-0.07167	-0.01522
-0.07172	-0.01457
-0.07172	-0.01199
-0.07172	-0.01538
-0.07178	-0.01216
-0.07178	-0.01554
-0.07178	-0.01506
-0.07183	-0.01667
-0.07183	-0.01844
-0.07189	-0.01344
-0.07189	-0.01457
-0.07189	-0.01361
-0.07194	-0.01812
-0.07194	-0.01441
-0.07194	-0.01167
-0.07200	-0.01135
-0.07200	-0.01554
-0.07205	-0.01489
-0.07205	-0.01554
-0.07205	-0.01409
-0.07211	-0.01393
-0.07211	-0.01876
-0.07211	-0.01667
-0.07217	-0.01683
-0.07217	-0.01634
-0.07217	-0.01344
-0.07222	-0.01232
-0.07222	-0.01393
-0.07222	-0.01618
-0.07228	-0.01393
-0.07228	-0.01683
-0.07228	-0.01377
-0.07233	-0.01264
-0.07233	-0.01651
-0.07233	-0.01183
-0.07233	-0.01264
-0.07239	-0.01634
-0.07239	-0.01683
-0.07239	-0.01167
-0.07244	-0.01618
-0.07244	-0.01022
-0.07250	-0.01538
-0.07250	-0.01216
-0.07250	-0.01183
-0.07255	-0.01232
-0.07255	-0.01715
-0.07255	-0.01135
-0.07261	-0.01151
-0.07261	-0.01457
-0.07261	-0.01296
-0.07267	-0.01489
-0.07267	-0.01312
-0.07272	-0.01022
-0.07272	-0.01473
-0.07272	-0.01183
-0.07278	-0.01071
-0.07278	-0.01618
-0.07278	-0.01409
-0.07283	-0.01248
-0.07283	-0.01989
-0.07283	-0.01457
-0.07289	-0.01232
-0.07289	-0.01908
-0.07289	-0.01054
-0.07294	-0.01425
-0.07294	-0.01795
-0.07300	-0.01731
-0.07300	-0.01473
-0.07300	-0.01506
-0.07305	-0.01763
-0.07305	-0.02037
-0.07305	-0.01522
-0.07311	-0.01071
-0.07311	-0.01506
-0.07311	-0.01747
-0.07311	-0.01715
-0.07317	-0.01586
-0.07317	-0.01554
-0.07322	-0.01296
-0.07322	-0.01248
-0.07322	-0.01103
-0.07328	-0.01522
-0.07328	-0.01812
-0.07328	-0.01634
-0.07333	-0.01602
-0.07333	-0.01651
-0.07339	-0.01763
-0.07339	-0.01409
-0.07339	-0.01280
-0.07344	-0.01570
-0.07344	-0.01570
-0.07344	-0.01328
-0.07350	-0.01457
-0.07350	-0.01183
-0.07355	-0.01199
-0.07355	-0.01377
-0.07355	-0.01409
-0.07361	-0.01667
-0.07361	-0.01651
-0.07367	-0.01699
-0.07367	-0.01312
-0.07367	-0.02134
-0.07372	-0.01763
-0.07372	-0.01651
-0.07372	-0.02021
-0.07378	-0.01876
-0.07378	-0.01812
-0.07378	-0.02085
-0.07383	-0.01812
-0.07383	-0.01989
-0.07383	-0.01344
-0.07389	-0.01602
-0.07389	-0.01651
-0.07389	-0.02021
-0.07394	-0.01377
-0.07394	-0.01457
-0.07400	-0.01924
-0.07400	-0.02279
-0.07400	-0.01876
-0.07405	-0.01828
-0.07405	-0.01683
-0.07405	-0.01312
-0.07411	-0.01344
-0.07411	-0.01844
-0.07417	-0.01506
-0.07417	-0.01554
-0.07417	-0.01377
-0.07422	-0.01473
-0.07422	-0.01924
-0.07428	-0.01667
-0.07428	-0.02134
-0.07428	-0.01973
-0.07433	-0.01473
-0.07433	-0.01812
-0.07433	-0.01779
-0.07439	-0.01586
-0.07439	-0.01651
-0.07444	-0.01312
-0.07444	-0.01651
-0.07444	-0.01554
-0.07450	-0.01989
-0.07450	-0.01699
-0.07450	-0.01699
-0.07455	-0.01908
-0.07455	-0.01763
-0.07455	-0.01779
-0.07461	-0.01602
-0.07461	-0.01328
-0.07461	-0.01844
-0.07467	-0.01747
-0.07467	-0.01554
-0.07472	-0.02053
-0.07472	-0.01989
-0.07472	-0.02053
-0.07478	-0.01860
-0.07478	-0.01425
-0.07478	-0.01731
-0.07483	-0.02263
-0.07483	-0.01425
-0.07489	-0.01876
-0.07489	-0.01699
-0.07489	-0.01908
-0.07494	-0.01506
-0.07494	-0.01586
-0.07500	-0.01860
-0.07500	-0.01973
-0.07500	-0.02118
-0.07505	-0.02102
-0.07505	-0.02005
-0.07505	-0.02021
-0.07511	-0.01908
-0.07511	-0.01747
-0.07517	-0.01522
-0.07517	-0.01957
-0.07517	-0.02343
-0.07522	-0.01940
-0.07522	-0.02069
-0.07522	-0.01538
-0.07528	-0.02182
-0.07528	-0.01989
-0.07528	-0.01844
-0.07533	-0.02069
-0.07533	-0.01522
-0.07539	-0.01602
-0.07539	-0.02102
-0.07539	-0.02440
-0.07544	-0.01795
-0.07544	-0.01957
-0.07544	-0.01989
-0.07550	-0.02053
-0.07550	-0.01506
-0.07555	-0.02247
-0.07555	-0.01957
-0.07555	-0.02085
-0.07561	-0.01812
-0.07561	-0.01570
-0.07561	-0.01489
-0.07567	-0.02134
-0.07567	-0.02327
-0.07572	-0.01973
-0.07572	-0.02037
-0.07572	-0.02391
-0.07578	-0.01973
-0.07578	-0.01892
-0.07583	-0.01795
-0.07583	-0.01747
-0.07583	-0.01522
-0.07589	-0.01957
-0.07589	-0.02037
-0.07594	-0.01795
-0.07594	-0.01908
-0.07594	-0.02247
-0.07600	-0.01940
-0.07600	-0.02118
-0.07605	-0.02182
-0.07605	-0.02359
-0.07605	-0.02214
-0.07611	-0.01812
-0.07611	-0.01908
-0.07611	-0.02230
-0.07617	-0.01667
-0.07617	-0.01812
-0.07622	-0.02069
-0.07622	-0.01071
-0.07622	-0.02247
-0.07628	-0.01683
-0.07628	-0.02102
-0.07628	-0.01618
-0.07633	-0.01940
-0.07633	-0.02601
-0.07633	-0.01860
-0.07639	-0.01570
-0.07639	-0.02182
-0.07644	-0.01844
-0.07644	-0.01940
-0.07644	-0.01828
-0.07650	-0.02166
-0.07650	-0.01908
-0.07650	-0.01731
-0.07655	-0.02069
-0.07655	-0.02279
-0.07661	-0.02359
-0.07661	-0.01876
-0.07661	-0.01908
-0.07667	-0.02005
-0.07667	-0.02375
-0.07672	-0.01828
-0.07672	-0.02069
-0.07672	-0.02166
-0.07678	-0.02005
-0.07678	-0.02021
-0.07683	-0.02198
-0.07683	-0.01973
-0.07683	-0.01876
-0.07689	-0.01844
-0.07689	-0.02665
-0.07694	-0.01828
-0.07694	-0.02021
-0.07694	-0.02182
-0.07700	-0.02166
-0.07700	-0.02069
-0.07700	-0.02424
-0.07705	-0.02005
-0.07705	-0.02166
-0.07711	-0.01973
-0.07711	-0.02102
-0.07711	-0.01683
-0.07717	-0.01989
-0.07717	-0.02359
-0.07717	-0.01908
-0.07722	-0.01860
-0.07722	-0.02005
-0.07722	-0.02118
-0.07728	-0.02343
-0.07728	-0.01973
-0.07733	-0.02102
-0.07733	-0.02166
-0.07733	-0.02391
-0.07739	-0.01989
-0.07739	-0.02053
-0.07744	-0.02569
-0.07744	-0.01651
-0.07744	-0.02005
-0.07750	-0.01924
-0.07750	-0.02198
-0.07755	-0.01892
-0.07755	-0.02633
-0.07755	-0.02037
-0.07761	-0.01908
-0.07761	-0.02633
-0.07767	-0.02230
-0.07767	-0.02102
-0.07767	-0.01973
-0.07772	-0.02295
-0.07772	-0.01892
-0.07772	-0.02166
-0.07778	-0.02118
-0.07778	-0.01812
-0.07783	-0.02247
-0.07783	-0.02198
-0.07783	-0.02085
-0.07789	-0.01747
-0.07789	-0.01973
-0.07789	-0.01683
-0.07794	-0.02585
-0.07794	-0.01715
-0.07794	-0.02424
-0.07800	-0.02408
-0.07800	-0.02005
-0.07800	-0.02424
-0.07805	-0.01924
-0.07805	-0.02359
-0.07811	-0.02166
-0.07811	-0.02150
-0.07811	-0.01989
-0.07817	-0.02343
-0.07817	-0.01795
-0.07817	-0.02182
-0.07822	-0.02456
-0.07822	-0.02005
-0.07828	-0.02198
-0.07828	-0.02456
-0.07828	-0.02134
-0.07833	-0.02408
-0.07833	-0.02037
-0.07833	-0.02698
-0.07839	-0.02053
-0.07839	-0.02150
-0.07844	-0.02681
-0.07844	-0.02311
-0.07844	-0.02069
-0.07850	-0.02778
-0.07850	-0.02601
-0.07850	-0.02037
-0.07855	-0.02343
-0.07855	-0.02343
-0.07861	-0.02488
-0.07861	-0.02053
-0.07861	-0.02230
-0.07867	-0.02150
-0.07867	-0.02681
-0.07867	-0.02569
-0.07872	-0.02440
-0.07872	-0.02569
-0.07872	-0.02295
-0.07878	-0.02408
-0.07878	-0.02617
-0.07883	-0.02230
-0.07883	-0.02440
-0.07883	-0.02440
-0.07889	-0.02295
-0.07889	-0.02247
-0.07889	-0.01908
-0.07894	-0.02794
-0.07894	-0.02424
-0.07894	-0.02085
-0.07900	-0.02569
-0.07900	-0.02375
-0.07900	-0.02021
-0.07905	-0.02391
-0.07905	-0.02198
-0.07905	-0.02665
-0.07911	-0.02988
-0.07911	-0.02166
-0.07917	-0.03036
-0.07917	-0.01908
-0.07917	-0.02214
-0.07922	-0.02891
-0.07922	-0.02327
-0.07928	-0.02617
-0.07928	-0.02456
-0.07928	-0.02279
-0.07933	-0.02649
-0.07933	-0.02649
-0.07933	-0.02327
-0.07939	-0.02247
-0.07939	-0.02762
-0.07944	-0.02553
-0.07944	-0.02327
-0.07944	-0.02601
-0.07950	-0.02359
-0.07950	-0.02520
-0.07950	-0.02279
-0.07955	-0.02440
-0.07955	-0.02794
-0.07955	-0.02746
-0.07961	-0.02472
-0.07961	-0.02762
-0.07961	-0.02263
-0.07967	-0.02585
-0.07967	-0.02955
-0.07972	-0.02440
-0.07972	-0.02633
-0.07972	-0.02923
-0.07978	-0.02553
-0.07978	-0.02472
-0.07978	-0.02279
-0.07983	-0.02649
-0.07983	-0.02359
-0.07983	-0.02327
-0.07989	-0.02198
-0.07989	-0.02601
-0.07989	-0.02553
-0.07994	-0.02440
-0.07994	-0.02939
-0.07994	-0.02150
-0.08000	-0.02601
-0.08000	-0.02746
-0.08005	-0.02633
-0.08005	-0.01860
-0.08005	-0.02585
-0.08011	-0.02359
-0.08011	-0.02617
-0.08011	-0.02601
-0.08017	-0.02665
-0.08017	-0.02311
-0.08017	-0.02230
-0.08022	-0.02359
-0.08022	-0.02359
-0.08028	-0.02633
-0.08028	-0.02504
-0.08028	-0.02553
-0.08033	-0.02456
-0.08033	-0.02536
-0.08033	-0.02762
-0.08039	-0.02665
-0.08039	-0.02408
-0.08039	-0.02553
-0.08044	-0.02472
-0.08044	-0.02327
-0.08044	-0.02391
-0.08050	-0.02955
-0.08050	-0.02391
-0.08050	-0.02198
-0.08055	-0.02359
-0.08055	-0.02053
-0.08055	-0.02939
-0.08061	-0.02681
-0.08061	-0.02343
-0.08061	-0.02553
-0.08067	-0.02279
-0.08067	-0.02214
-0.08067	-0.02343
-0.08072	-0.02166
-0.08072	-0.02263
-0.08072	-0.02585
-0.08078	-0.02601
-0.08078	-0.02681
-0.08078	-0.02311
-0.08083	-0.02698
-0.08083	-0.02859
-0.08083	-0.02778
-0.08089	-0.02085
-0.08089	-0.02295
-0.08094	-0.02408
-0.08094	-0.02456
-0.08094	-0.02456
-0.08100	-0.02408
-0.08100	-0.02569
-0.08100	-0.02859
-0.08105	-0.02263
-0.08105	-0.02553
-0.08105	-0.02182
-0.08111	-0.02553
-0.08111	-0.02988
-0.08111	-0.02150
-0.08117	-0.02826
-0.08117	-0.02536
-0.08122	-0.02472
-0.08122	-0.02375
-0.08122	-0.02520
-0.08128	-0.03068
-0.08128	-0.02665
-0.08128	-0.02424
-0.08133	-0.02279
-0.08133	-0.02327
-0.08133	-0.02681
-0.08133	-0.02826
-0.08139	-0.02520
-0.08139	-0.02585
-0.08139	-0.02681
-0.08144	-0.02230
-0.08144	-0.02730
-0.08144	-0.02327
-0.08150	-0.02311
-0.08150	-0.02859
-0.08150	-0.02408
-0.08155	-0.02343
-0.08155	-0.02230
-0.08155	-0.02907
-0.08161	-0.02375
-0.08161	-0.02536
-0.08167	-0.03004
-0.08167	-0.02343
-0.08167	-0.02665
-0.08172	-0.02553
-0.08172	-0.02198
-0.08172	-0.02134
-0.08178	-0.02730
-0.08178	-0.02053
-0.08178	-0.02327
-0.08183	-0.02214
-0.08183	-0.02665
-0.08189	-0.03036
-0.08189	-0.02247
-0.08189	-0.02971
-0.08194	-0.02456
-0.08194	-0.01973
-0.08194	-0.02730
-0.08200	-0.02440
-0.08200	-0.02681
-0.08200	-0.02263
-0.08205	-0.02617
-0.08205	-0.02649
-0.08205	-0.02021
-0.08211	-0.02536
-0.08211	-0.02343
-0.08211	-0.02327
-0.08217	-0.02746
-0.08217	-0.02182
-0.08217	-0.02714
-0.08222	-0.02585
-0.08222	-0.02955
-0.08222	-0.02762
-0.08228	-0.02520
-0.08228	-0.03036
-0.08228	-0.01973
-0.08233	-0.02343
-0.08233	-0.02891
-0.08233	-0.02150
-0.08239	-0.02230
-0.08239	-0.02601
-0.08239	-0.02102
-0.08244	-0.02988
-0.08244	-0.02488
-0.08244	-0.02762
-0.08250	-0.02472
-0.08250	-0.02633
-0.08250	-0.02569
-0.08255	-0.02778
-0.08255	-0.02730
-0.08261	-0.02714
-0.08261	-0.02440
-0.08261	-0.01973
-0.08267	-0.02424
-0.08267	-0.02649
-0.08267	-0.02391
-0.08272	-0.02456
-0.08272	-0.02295
-0.08272	-0.02102
-0.08278	-0.02601
-0.08278	-0.02182
-0.08283	-0.02778
-0.08283	-0.02311
-0.08283	-0.02810
-0.08289	-0.02456
-0.08289	-0.02971
-0.08289	-0.02778
-0.08294	-0.02472
-0.08294	-0.02520
-0.08294	-0.02182
-0.08300	-0.02005
-0.08300	-0.02536
-0.08300	-0.02649
-0.08305	-0.02198
-0.08305	-0.02424
-0.08305	-0.02214
-0.08311	-0.02182
-0.08311	-0.02359
-0.08311	-0.02730
-0.08317	-0.02085
-0.08317	-0.02456
-0.08317	-0.02359
-0.08322	-0.02665
-0.08322	-0.02311
-0.08328	-0.02295
-0.08328	-0.02279
-0.08328	-0.02633
-0.08333	-0.02955
-0.08333	-0.02843
-0.08339	-0.02375
-0.08339	-0.02343
-0.08339	-0.02456
-0.08344	-0.02553
-0.08344	-0.02279
-0.08344	-0.02923
-0.08350	-0.02762
-0.08350	-0.02569
-0.08355	-0.02085
-0.08355	-0.02230
-0.08355	-0.02424
-0.08361	-0.02230
-0.08361	-0.02214
-0.08361	-0.02327
-0.08367	-0.02198
-0.08367	-0.02585
-0.08367	-0.02665
-0.08372	-0.02279
-0.08372	-0.02536
-0.08378	-0.02247
-0.08378	-0.02440
-0.08378	-0.02279
-0.08383	-0.02295
-0.08383	-0.02456
-0.08383	-0.02182
-0.08389	-0.02778
-0.08389	-0.02424
-0.08389	-0.02085
-0.08394	-0.02698
-0.08394	-0.02536
-0.08400	-0.02279
-0.08400	-0.02069
-0.08400	-0.02247
-0.08405	-0.02166
-0.08405	-0.02520
-0.08405	-0.02311
-0.08411	-0.02698
-0.08411	-0.01876
-0.08417	-0.02488
-0.08417	-0.02311
-0.08417	-0.02198
-0.08422	-0.02714
-0.08422	-0.02375
-0.08428	-0.02424
-0.08428	-0.02391
-0.08428	-0.02553
-0.08433	-0.02247
-0.08433	-0.02214
-0.08433	-0.02118
-0.08439	-0.02263
-0.08439	-0.02424
-0.08444	-0.02295
-0.08444	-0.02247
-0.08444	-0.02359
-0.08450	-0.02198
-0.08450	-0.02327
-0.08450	-0.01876
-0.08455	-0.01892
-0.08455	-0.02279
-0.08461	-0.02037
-0.08461	-0.02198
-0.08461	-0.02456
-0.08467	-0.02440
-0.08467	-0.02085
-0.08467	-0.02005
-0.08472	-0.02263
-0.08472	-0.02182
-0.08472	-0.02504
-0.08478	-0.02247
-0.08478	-0.02391
-0.08483	-0.02053
-0.08483	-0.02166
-0.08483	-0.02182
-0.08489	-0.02488
-0.08489	-0.02053
-0.08494	-0.02102
-0.08494	-0.02359
-0.08494	-0.01795
-0.08500	-0.02327
-0.08500	-0.01957
-0.08505	-0.02182
-0.08505	-0.02585
-0.08505	-0.02456
-0.08511	-0.02166
-0.08511	-0.02698
-0.08517	-0.01957
-0.08517	-0.01989
-0.08517	-0.02391
-0.08522	-0.02069
-0.08522	-0.02166
-0.08528	-0.02247
-0.08528	-0.02408
-0.08528	-0.02118
-0.08533	-0.01779
-0.08533	-0.01715
-0.08533	-0.02182
-0.08539	-0.02311
-0.08539	-0.02424
-0.08539	-0.02472
-0.08544	-0.02488
-0.08544	-0.01892
-0.08550	-0.02311
-0.08550	-0.02069
-0.08550	-0.01892
-0.08555	-0.01989
-0.08555	-0.01989
-0.08555	-0.01989
-0.08561	-0.02456
-0.08561	-0.02102
-0.08561	-0.01828
-0.08567	-0.02198
-0.08567	-0.02118
-0.08572	-0.01908
-0.08572	-0.02375
-0.08572	-0.01876
-0.08578	-0.01844
-0.08578	-0.02359
-0.08583	-0.02424
-0.08583	-0.01908
-0.08589	-0.02311
-0.08589	-0.02069
-0.08589	-0.01908
-0.08594	-0.02440
-0.08594	-0.02005
-0.08600	-0.02166
-0.08600	-0.02327
-0.08600	-0.02053
-0.08605	-0.02085
-0.08605	-0.02408
-0.08611	-0.02311
-0.08611	-0.02069
-0.08611	-0.01860
-0.08617	-0.02488
-0.08617	-0.02134
-0.08617	-0.01779
-0.08622	-0.02472
-0.08622	-0.02102
-0.08622	-0.02134
-0.08628	-0.01844
-0.08628	-0.01892
-0.08633	-0.02214
-0.08633	-0.02311
-0.08633	-0.02150
-0.08639	-0.02118
-0.08639	-0.01618
-0.08639	-0.02069
-0.08644	-0.02408
-0.08644	-0.02520
-0.08650	-0.01812
-0.08650	-0.01779
-0.08650	-0.01989
-0.08655	-0.02182
-0.08655	-0.02069
-0.08661	-0.02263
-0.08661	-0.01940
-0.08661	-0.02182
-0.08667	-0.01892
-0.08667	-0.01844
-0.08672	-0.02214
-0.08672	-0.02214
-0.08672	-0.01940
-0.08678	-0.02085
-0.08678	-0.02391
-0.08683	-0.02118
-0.08683	-0.01715
-0.08683	-0.01715
-0.08689	-0.01860
-0.08689	-0.01892
-0.08694	-0.01828
-0.08694	-0.02182
-0.08694	-0.02359
-0.08700	-0.01731
-0.08700	-0.02440
-0.08700	-0.02021
-0.08705	-0.01522
-0.08705	-0.01957
-0.08711	-0.02021
-0.08711	-0.02150
-0.08711	-0.02198
-0.08717	-0.02118
-0.08717	-0.02166
-0.08717	-0.01570
-0.08722	-0.01860
-0.08722	-0.02214
-0.08728	-0.01763
-0.08728	-0.02327
-0.08728	-0.01699
-0.08733	-0.01554
-0.08733	-0.02053
-0.08739	-0.02134
-0.08739	-0.02182
-0.08739	-0.01940
-0.08744	-0.01651
-0.08744	-0.02037
-0.08750	-0.01441
-0.08750	-0.02343
-0.08750	-0.01651
-0.08755	-0.01973
-0.08755	-0.02295
-0.08761	-0.01731
-0.08761	-0.01667
-0.08761	-0.02214
-0.08767	-0.01812
-0.08767	-0.02102
-0.08767	-0.02102
-0.08772	-0.02134
-0.08772	-0.02424
-0.08778	-0.02214
-0.08778	-0.02053
-0.08778	-0.01393
-0.08783	-0.02021
-0.08783	-0.02553
-0.08783	-0.01844
-0.08789	-0.01618
-0.08789	-0.02166
-0.08789	-0.01651
-0.08794	-0.01699
-0.08794	-0.01860
-0.08800	-0.01940
-0.08800	-0.02118
-0.08800	-0.01715
-0.08805	-0.01876
-0.08805	-0.02053
-0.08805	-0.01795
-0.08811	-0.01844
-0.08811	-0.02005
-0.08817	-0.01731
-0.08817	-0.01473
-0.08817	-0.02198
-0.08822	-0.01763
-0.08822	-0.01087
-0.08828	-0.01683
-0.08828	-0.02085
-0.08828	-0.01828
-0.08833	-0.01618
-0.08833	-0.02375
-0.08833	-0.01667
-0.08839	-0.01908
-0.08839	-0.02005
-0.08844	-0.01715
-0.08844	-0.01683
-0.08844	-0.02102
-0.08850	-0.02053
-0.08850	-0.02021
-0.08855	-0.01860
-0.08855	-0.01715
-0.08855	-0.02198
-0.08861	-0.01715
-0.08861	-0.02118
-0.08861	-0.01892
-0.08867	-0.01860
-0.08867	-0.02134
-0.08872	-0.01924
-0.08872	-0.02069
-0.08872	-0.02005
-0.08878	-0.01779
-0.08878	-0.02102
-0.08878	-0.02214
-0.08883	-0.01699
-0.08883	-0.02198
-0.08883	-0.01957
-0.08889	-0.01812
-0.08889	-0.01715
-0.08894	-0.02166
-0.08894	-0.01973
-0.08894	-0.02488
-0.08900	-0.02053
-0.08900	-0.01602
-0.08900	-0.01731
-0.08905	-0.01973
-0.08905	-0.01522
-0.08911	-0.01538
-0.08911	-0.01731
-0.08911	-0.01860
-0.08917	-0.02247
-0.08917	-0.01957
-0.08922	-0.01828
-0.08922	-0.01973
-0.08922	-0.01602
-0.08928	-0.01973
-0.08928	-0.02085
-0.08933	-0.01506
-0.08933	-0.02247
-0.08933	-0.02230
-0.08939	-0.01973
-0.08939	-0.01602
-0.08939	-0.01779
-0.08944	-0.02005
-0.08944	-0.01699
-0.08944	-0.02005
-0.08950	-0.01747
-0.08950	-0.01876
-0.08955	-0.02263
-0.08955	-0.01795
-0.08955	-0.02085
-0.08961	-0.01683
-0.08961	-0.02005
-0.08961	-0.01908
-0.08967	-0.02585
-0.08967	-0.01812
-0.08967	-0.01779
-0.08972	-0.01812
-0.08972	-0.01812
-0.08978	-0.02263
-0.08978	-0.02214
-0.08978	-0.01957
-0.08978	-0.01602
-0.08983	-0.01667
-0.08983	-0.02150
-0.08989	-0.02150
-0.08989	-0.02053
-0.08989	-0.01812
-0.08994	-0.01441
-0.08994	-0.02230
-0.08994	-0.02182
-0.09000	-0.02134
-0.09000	-0.02085
-0.09005	-0.01634
-0.09005	-0.02327
-0.09005	-0.01973
-0.09011	-0.01892
-0.09011	-0.02069
-0.09017	-0.02005
-0.09017	-0.01908
-0.09017	-0.01554
-0.09022	-0.02230
-0.09022	-0.02053
-0.09022	-0.02005
-0.09028	-0.02085
-0.09028	-0.02198
-0.09028	-0.01634
-0.09033	-0.01828
-0.09033	-0.02198
-0.09033	-0.01844
-0.09039	-0.01795
-0.09039	-0.02069
-0.09044	-0.01828
-0.09044	-0.01570
-0.09044	-0.01747
-0.09050	-0.02198
-0.09050	-0.01602
-0.09050	-0.01973
-0.09055	-0.02053
-0.09055	-0.01618
-0.09055	-0.02021
-0.09061	-0.01457
-0.09061	-0.02069
-0.09061	-0.01957
-0.09067	-0.01892
-0.09067	-0.02601
-0.09067	-0.01989
-0.09072	-0.02085
-0.09072	-0.02118
-0.09072	-0.02182
-0.09078	-0.01731
-0.09078	-0.02021
-0.09078	-0.02085
-0.09083	-0.02069
-0.09083	-0.02214
-0.09089	-0.01651
-0.09089	-0.02005
-0.09089	-0.02311
-0.09094	-0.01715
-0.09094	-0.01795
-0.09094	-0.02085
-0.09100	-0.01924
-0.09100	-0.01860
-0.09105	-0.02327
-0.09105	-0.01779
-0.09105	-0.02021
-0.09111	-0.02102
-0.09111	-0.02198
-0.09111	-0.02488
-0.09117	-0.02166
-0.09117	-0.01618
-0.09117	-0.01570
-0.09122	-0.02102
-0.09122	-0.02005
-0.09128	-0.01860
-0.09128	-0.01828
-0.09128	-0.02182
-0.09133	-0.02069
-0.09133	-0.01683
-0.09133	-0.01570
-0.09139	-0.01876
-0.09139	-0.02134
-0.09139	-0.01763
-0.09144	-0.02456
-0.09144	-0.01731
-0.09144	-0.01699
-0.09150	-0.01651
-0.09150	-0.02279
-0.09150	-0.02021
-0.09155	-0.01876
-0.09155	-0.02327
-0.09155	-0.01795
-0.09161	-0.01957
-0.09161	-0.01973
-0.09167	-0.01634
-0.09167	-0.02021
-0.09167	-0.01940
-0.09172	-0.02134
-0.09172	-0.02085
-0.09178	-0.01731
-0.09178	-0.01860
-0.09178	-0.02520
-0.09183	-0.01844
-0.09183	-0.01828
-0.09183	-0.01876
-0.09189	-0.01795
-0.09189	-0.02198
-0.09194	-0.02005
-0.09194	-0.01779
-0.09194	-0.01973
-0.09200	-0.01844
-0.09200	-0.02230
-0.09200	-0.01538
-0.09205	-0.02214
-0.09205	-0.01731
-0.09211	-0.02230
-0.09211	-0.02295
-0.09211	-0.01924
-0.09217	-0.01860
-0.09217	-0.01892
-0.09217	-0.02198
-0.09222	-0.01892
-0.09222	-0.01973
-0.09222	-0.02424
-0.09228	-0.01940
-0.09228	-0.02134
-0.09228	-0.02021
-0.09233	-0.01683
-0.09233	-0.02198
-0.09233	-0.01779
-0.09239	-0.01779
-0.09239	-0.02247
-0.09244	-0.02150
-0.09244	-0.01973
-0.09244	-0.02085
-0.09250	-0.01747
-0.09250	-0.01892
-0.09255	-0.02198
-0.09255	-0.01634
-0.09255	-0.02118
-0.09261	-0.01812
-0.09261	-0.01957
-0.09261	-0.02456
-0.09267	-0.02037
-0.09267	-0.01924
-0.09272	-0.02134
-0.09272	-0.02150
-0.09272	-0.01715
-0.09278	-0.02424
-0.09278	-0.01763
-0.09278	-0.02536
-0.09283	-0.01715
-0.09283	-0.01779
-0.09289	-0.01812
-0.09289	-0.01618
-0.09289	-0.02150
-0.09294	-0.02182
-0.09294	-0.02150
-0.09294	-0.02037
-0.09300	-0.02295
-0.09300	-0.02247
-0.09300	-0.01876
-0.09305	-0.01667
-0.09305	-0.02085
-0.09305	-0.01892
-0.09311	-0.01957
-0.09311	-0.02085
-0.09311	-0.01973
-0.09317	-0.02295
-0.09317	-0.01957
-0.09322	-0.02247
-0.09322	-0.02069
-0.09322	-0.02391
-0.09328	-0.01989
-0.09328	-0.02504
-0.09333	-0.02150
-0.09333	-0.02037
-0.09333	-0.01828
-0.09339	-0.01795
-0.09339	-0.02440
-0.09344	-0.01683
-0.09344	-0.02198
-0.09344	-0.01940
-0.09350	-0.02311
-0.09350	-0.02005
-0.09355	-0.02069
-0.09355	-0.02327
-0.09355	-0.02311
-0.09361	-0.02037
-0.09361	-0.01779
-0.09367	-0.02069
-0.09367	-0.02440
-0.09367	-0.02198
-0.09372	-0.02247
-0.09372	-0.02085
-0.09372	-0.02085
-0.09378	-0.02198
-0.09378	-0.01908
-0.09378	-0.02166
-0.09383	-0.02182
-0.09383	-0.01973
-0.09383	-0.02263
-0.09389	-0.02053
-0.09389	-0.02102
-0.09394	-0.01699
-0.09394	-0.02166
-0.09394	-0.02102
-0.09400	-0.02214
-0.09400	-0.02118
-0.09400	-0.01747
-0.09405	-0.01812
-0.09405	-0.02279
-0.09411	-0.01908
-0.09411	-0.02391
-0.09411	-0.02134
-0.09417	-0.01957
-0.09417	-0.02391
-0.09422	-0.02230
-0.09422	-0.02166
-0.09422	-0.02053
-0.09428	-0.02021
-0.09428	-0.02391
-0.09433	-0.02343
-0.09433	-0.02198
-0.09433	-0.01957
-0.09439	-0.01989
-0.09439	-0.01699
-0.09439	-0.01844
-0.09444	-0.02295
-0.09444	-0.02134
-0.09444	-0.02230
-0.09450	-0.02118
-0.09450	-0.02069
-0.09455	-0.02037
-0.09455	-0.02005
-0.09455	-0.02166
-0.09461	-0.01828
-0.09461	-0.01989
-0.09461	-0.02150
-0.09467	-0.02247
-0.09467	-0.01940
-0.09472	-0.02166
-0.09472	-0.02069
-0.09472	-0.02488
-0.09478	-0.01844
-0.09478	-0.02214
-0.09478	-0.02166
-0.09483	-0.02198
-0.09483	-0.02214
-0.09489	-0.02021
-0.09489	-0.01441
-0.09489	-0.02520
-0.09494	-0.02102
-0.09494	-0.02069
-0.09500	-0.02391
-0.09500	-0.02021
-0.09500	-0.01747
-0.09505	-0.02150
-0.09505	-0.02085
-0.09511	-0.02085
-0.09511	-0.01924
-0.09511	-0.02069
-0.09517	-0.02343
-0.09517	-0.02230
-0.09522	-0.01828
-0.09522	-0.02585
-0.09522	-0.01699
-0.09528	-0.01699
-0.09528	-0.02037
-0.09528	-0.01989
-0.09533	-0.02053
-0.09533	-0.02311
-0.09539	-0.01989
-0.09539	-0.01973
-0.09539	-0.02359
-0.09544	-0.02359
-0.09544	-0.02102
-0.09544	-0.02617
-0.09550	-0.01699
-0.09550	-0.02553
-0.09555	-0.02102
-0.09555	-0.02424
-0.09555	-0.02005
-0.09561	-0.02359
-0.09561	-0.02601
-0.09567	-0.02311
-0.09567	-0.02375
-0.09567	-0.01924
-0.09572	-0.02440
-0.09572	-0.02440
-0.09578	-0.02182
-0.09578	-0.01892
-0.09578	-0.02214
-0.09583	-0.02230
-0.09583	-0.02021
-0.09589	-0.01763
-0.09589	-0.02424
-0.09589	-0.02375
-0.09594	-0.02021
-0.09594	-0.01957
-0.09600	-0.02617