Interference and Diffraction Data File Wed, Nov 03, 2021 3:51 PM
Sensor Position (Meters)	Light Intensity (Volts)
0.00000	-0.01248
0.00000	-0.01377
0.00000	-0.01103
0.00006	-0.01425
0.00006	-0.01683
0.00011	-0.01135
0.00011	-0.01795
0.00011	-0.01038
0.00017	-0.01538
0.00017	-0.01618
0.00017	-0.01248
0.00022	-0.01409
0.00022	-0.01151
0.00022	-0.01538
0.00022	-0.01151
0.00028	-0.01441
0.00028	-0.01377
0.00028	-0.01151
0.00028	-0.01296
0.00028	-0.01522
0.00028	-0.01522
0.00028	-0.01457
0.00028	-0.01570
0.00028	-0.01312
0.00028	-0.01506
0.00028	-0.01119
0.00033	-0.01473
0.00033	-0.01924
0.00033	-0.01280
0.00039	-0.01361
0.00039	-0.01344
0.00044	-0.00861
0.00044	-0.01425
0.00044	-0.01296
0.00050	-0.00829
0.00050	-0.01618
0.00056	-0.01199
0.00056	-0.01151
0.00056	-0.01602
0.00061	-0.01022
0.00061	-0.00587
0.00061	-0.01344
0.00067	-0.01667
0.00067	-0.01022
0.00072	-0.01344
0.00072	-0.01038
0.00072	-0.01006
0.00078	-0.01248
0.00078	-0.00990
0.00078	-0.01119
0.00083	-0.01135
0.00083	-0.01232
0.00089	-0.01506
0.00089	-0.00797
0.00089	-0.01135
0.00094	-0.00797
0.00094	-0.00652
0.00094	-0.01216
0.00100	-0.00893
0.00100	-0.01087
0.00100	-0.01071
0.00106	-0.01586
0.00106	-0.00716
0.00106	-0.00861
0.00111	-0.00781
0.00111	-0.00732
0.00117	-0.00861
0.00117	-0.01054
0.00117	-0.00539
0.00122	-0.01506
0.00122	-0.01022
0.00122	-0.01119
0.00128	-0.01264
0.00128	-0.01232
0.00133	-0.01216
0.00133	-0.00990
0.00133	-0.00990
0.00139	-0.01216
0.00139	-0.00781
0.00144	-0.01554
0.00144	-0.01248
0.00144	-0.01344
0.00150	-0.01377
0.00150	-0.00845
0.00150	-0.01103
0.00156	-0.01651
0.00156	-0.01167
0.00161	-0.01151
0.00161	-0.01038
0.00161	-0.01409
0.00167	-0.01167
0.00167	-0.01328
0.00167	-0.01328
0.00172	-0.01296
0.00172	-0.01296
0.00172	-0.01087
0.00178	-0.01296
0.00178	-0.00958
0.00183	-0.01409
0.00183	-0.01377
0.00183	-0.01393
0.00189	-0.01489
0.00189	-0.01425
0.00189	-0.01812
0.00194	-0.00829
0.00194	-0.01489
0.00194	-0.01312
0.00200	-0.01506
0.00200	-0.01828
0.00200	-0.01151
0.00206	-0.01892
0.00206	-0.01344
0.00211	-0.01763
0.00211	-0.01377
0.00211	-0.01876
0.00217	-0.01248
0.00217	-0.01602
0.00222	-0.01248
0.00222	-0.01699
0.00222	-0.01409
0.00228	-0.02005
0.00228	-0.01361
0.00228	-0.01409
0.00233	-0.01344
0.00233	-0.01812
0.00233	-0.01602
0.00239	-0.01844
0.00239	-0.01828
0.00244	-0.02037
0.00244	-0.01618
0.00244	-0.01554
0.00250	-0.01522
0.00250	-0.01264
0.00250	-0.01667
0.00256	-0.01361
0.00256	-0.01683
0.00256	-0.01457
0.00261	-0.01779
0.00261	-0.01940
0.00261	-0.02150
0.00267	-0.01586
0.00267	-0.02021
0.00272	-0.01812
0.00272	-0.01973
0.00272	-0.01844
0.00278	-0.01812
0.00278	-0.01812
0.00278	-0.01763
0.00278	-0.01957
0.00283	-0.01683
0.00283	-0.01779
0.00283	-0.02182
0.00289	-0.01747
0.00289	-0.01940
0.00294	-0.01715
0.00294	-0.02037
0.00294	-0.02182
0.00300	-0.02118
0.00300	-0.02311
0.00306	-0.01892
0.00306	-0.01989
0.00306	-0.02037
0.00311	-0.02408
0.00311	-0.02375
0.00311	-0.01860
0.00317	-0.01892
0.00317	-0.01957
0.00317	-0.02198
0.00322	-0.01908
0.00322	-0.02536
0.00328	-0.02198
0.00328	-0.01860
0.00328	-0.02424
0.00333	-0.02327
0.00333	-0.02037
0.00333	-0.02247
0.00339	-0.02553
0.00339	-0.02585
0.00339	-0.01554
0.00344	-0.02665
0.00344	-0.02118
0.00344	-0.02585
0.00350	-0.02343
0.00350	-0.02408
0.00350	-0.01973
0.00356	-0.02375
0.00356	-0.02327
0.00356	-0.02375
0.00361	-0.02649
0.00361	-0.02295
0.00361	-0.02440
0.00367	-0.01973
0.00367	-0.02247
0.00367	-0.02746
0.00372	-0.02198
0.00372	-0.02327
0.00372	-0.02359
0.00378	-0.02923
0.00378	-0.02037
0.00383	-0.02408
0.00383	-0.01892
0.00383	-0.02536
0.00389	-0.02198
0.00389	-0.02263
0.00389	-0.02665
0.00394	-0.02585
0.00394	-0.02182
0.00400	-0.02230
0.00400	-0.02343
0.00400	-0.02327
0.00406	-0.02520
0.00406	-0.02778
0.00406	-0.02295
0.00411	-0.02504
0.00411	-0.03084
0.00417	-0.02472
0.00417	-0.03004
0.00417	-0.02359
0.00422	-0.02536
0.00422	-0.02520
0.00422	-0.02665
0.00428	-0.02472
0.00428	-0.02472
0.00428	-0.02601
0.00433	-0.02279
0.00433	-0.02649
0.00433	-0.02762
0.00439	-0.02665
0.00439	-0.02005
0.00439	-0.02681
0.00444	-0.02504
0.00444	-0.02359
0.00444	-0.02633
0.00444	-0.02843
0.00450	-0.02214
0.00450	-0.02037
0.00456	-0.02488
0.00456	-0.02504
0.00456	-0.02343
0.00461	-0.02440
0.00461	-0.02456
0.00467	-0.02424
0.00467	-0.02214
0.00467	-0.02408
0.00472	-0.02456
0.00472	-0.02247
0.00472	-0.02053
0.00478	-0.02375
0.00478	-0.02311
0.00483	-0.02311
0.00483	-0.02311
0.00483	-0.02504
0.00489	-0.02021
0.00489	-0.02746
0.00489	-0.02456
0.00494	-0.02327
0.00494	-0.02295
0.00494	-0.02359
0.00500	-0.02214
0.00500	-0.02005
0.00500	-0.02311
0.00506	-0.02069
0.00506	-0.02649
0.00506	-0.01989
0.00511	-0.02166
0.00511	-0.02021
0.00511	-0.02069
0.00517	-0.02714
0.00517	-0.01618
0.00517	-0.02375
0.00522	-0.01892
0.00522	-0.02359
0.00522	-0.02198
0.00528	-0.01989
0.00528	-0.02134
0.00528	-0.02375
0.00528	-0.02069
0.00533	-0.02504
0.00533	-0.01924
0.00539	-0.02359
0.00539	-0.02166
0.00539	-0.02198
0.00544	-0.02085
0.00544	-0.02279
0.00544	-0.01989
0.00550	-0.02069
0.00550	-0.01989
0.00556	-0.01957
0.00556	-0.01892
0.00556	-0.01812
0.00561	-0.02343
0.00561	-0.01715
0.00561	-0.01957
0.00567	-0.01973
0.00567	-0.01795
0.00572	-0.01828
0.00572	-0.01828
0.00572	-0.01715
0.00578	-0.01393
0.00578	-0.01828
0.00578	-0.01860
0.00583	-0.01393
0.00583	-0.01570
0.00583	-0.01457
0.00589	-0.01586
0.00589	-0.01860
0.00589	-0.01812
0.00594	-0.01602
0.00594	-0.01457
0.00594	-0.01199
0.00600	-0.01489
0.00600	-0.01651
0.00600	-0.01103
0.00606	-0.01602
0.00606	-0.01570
0.00606	-0.01054
0.00611	-0.01393
0.00611	-0.01425
0.00611	-0.01554
0.00617	-0.01344
0.00617	-0.01425
0.00622	-0.01264
0.00622	-0.01409
0.00622	-0.01006
0.00628	-0.00877
0.00628	-0.01296
0.00633	-0.01538
0.00633	-0.01522
0.00633	-0.01167
0.00639	-0.00974
0.00639	-0.01361
0.00644	-0.00668
0.00644	-0.01489
0.00644	-0.01183
0.00650	-0.01087
0.00650	-0.01119
0.00650	-0.00942
0.00656	-0.00845
0.00656	-0.00442
0.00661	-0.01135
0.00661	-0.00797
0.00661	-0.00942
0.00667	-0.00974
0.00667	-0.01006
0.00667	-0.01264
0.00672	-0.00652
0.00672	-0.00893
0.00678	-0.00893
0.00678	-0.00636
0.00678	-0.00748
0.00683	-0.00829
0.00683	-0.00603
0.00683	-0.01151
0.00689	-0.00668
0.00689	-0.00571
0.00689	-0.00845
0.00689	-0.00491
0.00694	-0.00394
0.00694	-0.01071
0.00700	-0.00748
0.00700	-0.00636
0.00700	-0.00829
0.00706	-0.00748
0.00706	-0.00313
0.00711	-0.00523
0.00711	-0.00620
0.00711	-0.00893
0.00717	-0.00201
0.00717	-0.00845
0.00722	-0.00458
0.00722	-0.00185
0.00722	-0.00249
0.00728	-0.00491
0.00728	-0.00152
0.00733	-0.00781
0.00733	-0.00072
0.00733	-0.00668
0.00739	-0.00007
0.00739	-0.00636
0.00744	-0.00249
0.00744	-0.00185
0.00744	-0.00620
0.00750	-0.00620
0.00750	-0.00475
0.00750	-0.00072
0.00756	-0.00265
0.00756	-0.00394
0.00756	-0.00088
0.00761	-0.00217
0.00761	0.00154
0.00767	-0.00652
0.00767	0.00138
0.00767	-0.00587
0.00772	-0.00410
0.00772	-0.00217
0.00772	-0.00636
0.00778	-0.00233
0.00778	-0.00088
0.00778	-0.00185
0.00783	-0.00475
0.00783	-0.00217
0.00789	-0.00394
0.00789	-0.00265
0.00789	-0.00475
0.00794	0.00009
0.00794	-0.00024
0.00800	0.00266
0.00800	-0.00555
0.00800	-0.00249
0.00806	-0.00088
0.00806	0.00105
0.00811	-0.00426
0.00811	-0.00056
0.00811	-0.00072
0.00817	-0.00426
0.00817	-0.00169
0.00822	-0.00072
0.00822	-0.00185
0.00822	-0.00007
0.00828	-0.00088
0.00828	-0.00007
0.00828	-0.00555
0.00833	0.00025
0.00833	-0.00539
0.00833	-0.00072
0.00839	-0.00362
0.00839	-0.00185
0.00844	-0.00201
0.00844	-0.00265
0.00844	-0.00362
0.00850	-0.00362
0.00850	0.00105
0.00850	-0.00040
0.00856	-0.00571
0.00856	-0.00265
0.00856	-0.00587
0.00861	-0.00603
0.00861	-0.00394
0.00867	-0.00378
0.00867	-0.00797
0.00867	-0.00104
0.00872	0.00041
0.00872	-0.00620
0.00878	-0.00297
0.00878	-0.00201
0.00883	-0.00362
0.00883	-0.00587
0.00883	-0.00652
0.00889	-0.00523
0.00889	-0.00587
0.00894	-0.00797
0.00894	-0.00394
0.00894	-0.00716
0.00900	-0.00378
0.00900	-0.00249
0.00906	-0.00748
0.00906	-0.00700
0.00906	-0.00845
0.00911	-0.00539
0.00911	-0.00845
0.00911	-0.00458
0.00917	-0.01216
0.00917	-0.01103
0.00922	-0.01038
0.00922	-0.01264
0.00922	-0.00716
0.00928	-0.00781
0.00928	-0.00813
0.00933	-0.00684
0.00933	-0.01312
0.00933	-0.00813
0.00939	-0.01328
0.00939	-0.01232
0.00939	-0.00781
0.00944	-0.01296
0.00944	-0.00684
0.00950	-0.01425
0.00950	-0.01119
0.00950	-0.01554
0.00956	-0.01328
0.00956	-0.01441
0.00956	-0.00990
0.00961	-0.01361
0.00961	-0.01135
0.00967	-0.01135
0.00967	-0.01731
0.00967	-0.01312
0.00972	-0.01715
0.00972	-0.00926
0.00978	-0.01393
0.00978	-0.01634
0.00978	-0.01425
0.00983	-0.01409
0.00983	-0.01328
0.00989	-0.01828
0.00989	-0.01087
0.00989	-0.01828
0.00994	-0.01731
0.00994	-0.01763
0.00994	-0.01361
0.01000	-0.01586
0.01000	-0.01328
0.01006	-0.01377
0.01006	-0.01795
0.01006	-0.01489
0.01011	-0.01409
0.01011	-0.01377
0.01011	-0.01296
0.01017	-0.01957
0.01017	-0.01618
0.01017	-0.01957
0.01022	-0.01586
0.01022	-0.01731
0.01028	-0.01570
0.01028	-0.02085
0.01028	-0.01812
0.01033	-0.01908
0.01033	-0.01538
0.01039	-0.01940
0.01039	-0.01538
0.01039	-0.02134
0.01044	-0.01860
0.01044	-0.02359
0.01050	-0.01651
0.01050	-0.02182
0.01050	-0.01731
0.01056	-0.01473
0.01056	-0.01844
0.01061	-0.02343
0.01061	-0.01683
0.01061	-0.01618
0.01067	-0.01940
0.01067	-0.02359
0.01072	-0.02182
0.01072	-0.02005
0.01078	-0.01377
0.01078	-0.01618
0.01078	-0.01795
0.01083	-0.01908
0.01083	-0.01651
0.01083	-0.02391
0.01089	-0.01876
0.01089	-0.02311
0.01094	-0.01667
0.01094	-0.01828
0.01094	-0.02214
0.01100	-0.01812
0.01100	-0.02037
0.01100	-0.02198
0.01106	-0.01876
0.01106	-0.01908
0.01106	-0.02037
0.01111	-0.02214
0.01111	-0.02021
0.01117	-0.02037
0.01117	-0.01973
0.01117	-0.01908
0.01122	-0.01973
0.01122	-0.01924
0.01128	-0.02391
0.01128	-0.01457
0.01128	-0.02021
0.01133	-0.01731
0.01133	-0.01699
0.01139	-0.01602
0.01139	-0.01731
0.01139	-0.02037
0.01144	-0.01924
0.01144	-0.01667
0.01150	-0.01892
0.01150	-0.02118
0.01150	-0.01409
0.01156	-0.01634
0.01156	-0.01763
0.01161	-0.01924
0.01161	-0.01489
0.01161	-0.01119
0.01167	-0.01667
0.01167	-0.01683
0.01172	-0.01328
0.01172	-0.01248
0.01172	-0.01232
0.01178	-0.01199
0.01178	-0.01393
0.01178	-0.01602
0.01183	-0.01489
0.01183	-0.01457
0.01183	-0.01393
0.01189	-0.01167
0.01189	-0.01119
0.01189	-0.01570
0.01194	-0.01054
0.01194	-0.01361
0.01194	-0.01038
0.01200	-0.01119
0.01200	-0.00813
0.01206	-0.00910
0.01206	-0.01038
0.01206	-0.00781
0.01211	-0.01006
0.01211	-0.00829
0.01217	-0.01183
0.01217	-0.00813
0.01217	-0.00861
0.01222	-0.00265
0.01222	-0.01119
0.01222	-0.00926
0.01228	-0.01006
0.01228	-0.00555
0.01233	-0.00700
0.01233	-0.00845
0.01233	-0.00201
0.01239	-0.00555
0.01239	-0.00523
0.01239	0.00154
0.01244	-0.00249
0.01244	-0.00120
0.01250	0.00009
0.01250	-0.00249
0.01250	0.00089
0.01256	0.00121
0.01256	0.00073
0.01256	-0.00330
0.01261	0.00041
0.01261	-0.00169
0.01261	-0.00169
0.01267	0.00363
0.01267	-0.00136
0.01267	0.00621
0.01272	0.00637
0.01272	0.00025
0.01272	0.00798
0.01278	0.00379
0.01278	0.00798
0.01278	0.01007
0.01283	0.00572
0.01283	0.00605
0.01283	0.00621
0.01289	0.00927
0.01289	0.01040
0.01289	0.01024
0.01294	0.00911
0.01294	0.00814
0.01300	0.01249
0.01300	0.01201
0.01300	0.01168
0.01306	0.01426
0.01306	0.01362
0.01306	0.01684
0.01311	0.02022
0.01311	0.01620
0.01317	0.02103
0.01317	0.01877
0.01317	0.01700
0.01322	0.01845
0.01322	0.02489
0.01328	0.02667
0.01328	0.01926
0.01328	0.02038
0.01333	0.02151
0.01333	0.02538
0.01333	0.02087
0.01339	0.03134
0.01339	0.03021
0.01339	0.02441
0.01344	0.02892
0.01344	0.02457
0.01344	0.03005
0.01350	0.02812
0.01350	0.03424
0.01350	0.03005
0.01356	0.02457
0.01356	0.03069
0.01356	0.03134
0.01361	0.02779
0.01361	0.03246
0.01361	0.02779
0.01367	0.03730
0.01367	0.02908
0.01367	0.03069
0.01372	0.03553
0.01372	0.03279
0.01378	0.03246
0.01378	0.03536
0.01378	0.03246
0.01383	0.03698
0.01383	0.04277
0.01383	0.03649
0.01389	0.03778
0.01389	0.03778
0.01394	0.03536
0.01394	0.04390
0.01394	0.03826
0.01400	0.03875
0.01400	0.03810
0.01400	0.04245
0.01406	0.04149
0.01406	0.04503
0.01411	0.04439
0.01411	0.04261
0.01411	0.04406
0.01417	0.04422
0.01417	0.04439
0.01417	0.04455
0.01422	0.04551
0.01422	0.04439
0.01422	0.04455
0.01428	0.04406
0.01428	0.04519
0.01428	0.04632
0.01433	0.04777
0.01433	0.04696
0.01433	0.04648
0.01439	0.04825
0.01439	0.04680
0.01439	0.04503
0.01444	0.05115
0.01444	0.04390
0.01444	0.04857
0.01450	0.04310
0.01450	0.04632
0.01450	0.04857
0.01456	0.05083
0.01456	0.04906
0.01456	0.04873
0.01461	0.05035
0.01461	0.04761
0.01467	0.05180
0.01467	0.04439
0.01467	0.05147
0.01472	0.05099
0.01472	0.04712
0.01472	0.04986
0.01478	0.04906
0.01478	0.05115
0.01483	0.04600
0.01483	0.05083
0.01483	0.05099
0.01489	0.05325
0.01489	0.05002
0.01489	0.05486
0.01494	0.05083
0.01494	0.04600
0.01494	0.05308
0.01500	0.04890
0.01500	0.05147
0.01506	0.04841
0.01506	0.04777
0.01506	0.04825
0.01511	0.04890
0.01511	0.04857
0.01511	0.04970
0.01517	0.05292
0.01517	0.04857
0.01517	0.04841
0.01517	0.04970
0.01522	0.05067
0.01522	0.04938
0.01522	0.05276
0.01528	0.04503
0.01528	0.04761
0.01528	0.04809
0.01533	0.04809
0.01533	0.04519
0.01533	0.04664
0.01539	0.04487
0.01539	0.04857
0.01544	0.04745
0.01544	0.04873
0.01544	0.04471
0.01550	0.04439
0.01550	0.04551
0.01550	0.04439
0.01556	0.04680
0.01556	0.04261
0.01561	0.04712
0.01561	0.04326
0.01561	0.04406
0.01567	0.04584
0.01567	0.04584
0.01567	0.04761
0.01572	0.04487
0.01572	0.04712
0.01572	0.03971
0.01578	0.04213
0.01578	0.04036
0.01583	0.04439
0.01583	0.04116
0.01583	0.04149
0.01589	0.03923
0.01589	0.03633
0.01589	0.03698
0.01594	0.03698
0.01594	0.04181
0.01594	0.03246
0.01600	0.03778
0.01600	0.03875
0.01600	0.03730
0.01606	0.03424
0.01606	0.03359
0.01606	0.03295
0.01611	0.03230
0.01611	0.03504
0.01611	0.03488
0.01617	0.03279
0.01617	0.02940
0.01617	0.03408
0.01622	0.03053
0.01622	0.02522
0.01628	0.03021
0.01628	0.02973
0.01628	0.02989
0.01633	0.02828
0.01633	0.02441
0.01639	0.02506
0.01639	0.02699
0.01639	0.02473
0.01644	0.02361
0.01644	0.02393
0.01644	0.02489
0.01650	0.02119
0.01650	0.01958
0.01650	0.01877
0.01656	0.01587
0.01656	0.02151
0.01661	0.01442
0.01661	0.01926
0.01661	0.01748
0.01667	0.01845
0.01667	0.01362
0.01667	0.01362
0.01672	0.01265
0.01672	0.01555
0.01672	0.01410
0.01678	0.01185
0.01678	0.01152
0.01678	0.01040
0.01683	0.01201
0.01683	0.01281
0.01683	0.01104
0.01689	0.00766
0.01689	0.01265
0.01689	0.00637
0.01694	0.01168
0.01694	0.01040
0.01694	0.00991
0.01700	0.00717
0.01700	0.00331
0.01700	0.00862
0.01706	0.00460
0.01706	0.00347
0.01711	0.00492
0.01711	0.00299
0.01711	0.00186
0.01717	0.00750
0.01717	0.00121
0.01717	0.00766
0.01722	0.00476
0.01722	0.00025
0.01728	0.00379
0.01728	-0.00040
0.01728	0.00347
0.01733	-0.00136
0.01733	0.00170
0.01733	0.00138
0.01739	-0.00169
0.01739	-0.00249
0.01744	0.00218
0.01744	-0.00394
0.01744	-0.00620
0.01750	-0.00201
0.01750	-0.00169
0.01750	-0.00442
0.01756	-0.00152
0.01756	-0.00233
0.01756	-0.00620
0.01761	0.00089
0.01761	-0.00104
0.01761	-0.00845
0.01767	-0.00378
0.01767	-0.00813
0.01772	-0.00378
0.01772	-0.00233
0.01772	-0.00346
0.01772	-0.00394
0.01778	-0.00426
0.01778	-0.00603
0.01778	-0.00603
0.01783	-0.00297
0.01783	-0.00990
0.01789	-0.00523
0.01789	-0.00040
0.01789	-0.00539
0.01794	-0.00313
0.01794	-0.00249
0.01800	-0.00861
0.01800	-0.00587
0.01800	-0.00378
0.01806	-0.00523
0.01806	-0.00523
0.01811	-0.00426
0.01811	-0.00201
0.01811	-0.00201
0.01817	0.00138
0.01817	-0.00394
0.01817	-0.00426
0.01822	-0.00297
0.01822	-0.00475
0.01828	0.00266
0.01828	-0.00265
0.01828	0.00218
0.01833	-0.00169
0.01833	0.00154
0.01833	-0.00233
0.01839	0.00138
0.01839	0.00025
0.01839	0.00411
0.01844	0.00299
0.01844	0.00428
0.01844	0.00814
0.01850	0.00476
0.01850	0.00621
0.01850	0.00911
0.01856	0.01007
0.01856	0.00927
0.01856	0.01249
0.01861	0.01185
0.01861	0.01378
0.01867	0.01072
0.01867	0.01491
0.01867	0.01507
0.01872	0.01378
0.01872	0.01458
0.01878	0.01990
0.01878	0.01861
0.01878	0.02232
0.01883	0.02264
0.01883	0.02731
0.01883	0.02844
0.01889	0.03069
0.01889	0.02989
0.01894	0.03021
0.01894	0.03488
0.01894	0.03665
0.01900	0.03746
0.01900	0.03730
0.01906	0.04229
0.01906	0.04326
0.01906	0.04761
0.01911	0.04358
0.01911	0.04873
0.01911	0.04906
0.01917	0.05405
0.01917	0.05131
0.01917	0.05695
0.01922	0.05631
0.01922	0.06259
0.01928	0.06742
0.01928	0.06581
0.01928	0.07241
0.01933	0.06694
0.01933	0.07709
0.01933	0.07435
0.01939	0.07982
0.01939	0.07950
0.01939	0.08820
0.01944	0.08836
0.01944	0.08804
0.01944	0.09690
0.01950	0.10012
0.01950	0.10350
0.01956	0.10769
0.01956	0.11446
0.01956	0.11188
0.01961	0.11784
0.01961	0.11945
0.01967	0.12541
0.01967	0.12767
0.01967	0.12992
0.01972	0.13669
0.01972	0.13846
0.01972	0.14684
0.01978	0.14667
0.01978	0.15634
0.01983	0.15457
0.01983	0.16198
0.01983	0.16536
0.01989	0.16890
0.01989	0.17309
0.01994	0.17744
0.01994	0.18646
0.01994	0.18598
0.02000	0.18614
0.02000	0.19291
0.02000	0.19887
0.02006	0.20257
0.02006	0.20756
0.02006	0.20628
0.02011	0.21465
0.02011	0.21900
0.02017	0.22142
0.02017	0.22528
0.02017	0.22528
0.02022	0.23817
0.02022	0.23414
0.02022	0.24478
0.02028	0.24623
0.02028	0.25380
0.02033	0.25911
0.02033	0.26266
0.02033	0.26846
0.02039	0.27039
0.02039	0.27844
0.02044	0.28585
0.02044	0.28795
0.02044	0.29407
0.02050	0.30099
0.02050	0.30792
0.02056	0.31098
0.02056	0.31646
0.02056	0.32628
0.02061	0.32773
0.02061	0.33547
0.02067	0.34143
0.02067	0.34706
0.02067	0.35351
0.02072	0.35786
0.02072	0.36704
0.02078	0.37397
0.02078	0.37864
0.02078	0.38862
0.02083	0.39169
0.02083	0.39974
0.02089	0.40183
0.02089	0.40940
0.02089	0.41456
0.02094	0.42245
0.02094	0.42809
0.02094	0.43582
0.02100	0.44017
0.02100	0.44726
0.02100	0.45113
0.02106	0.45596
0.02106	0.46723
0.02111	0.47207
0.02111	0.47851
0.02111	0.48415
0.02117	0.49301
0.02117	0.50010
0.02122	0.50428
0.02122	0.51169
0.02122	0.51910
0.02128	0.52249
0.02128	0.52925
0.02133	0.53972
0.02133	0.54842
0.02133	0.55503
0.02139	0.56211
0.02139	0.57081
0.02144	0.57822
0.02144	0.58209
0.02144	0.59304
0.02150	0.59820
0.02150	0.60947
0.02156	0.61801
0.02156	0.62107
0.02156	0.63025
0.02161	0.63637
0.02161	0.64652
0.02167	0.65136
0.02167	0.66150
0.02167	0.66698
0.02172	0.67294
0.02172	0.68277
0.02172	0.68776
0.02178	0.68921
0.02178	0.70210
0.02183	0.70500
0.02183	0.71370
0.02183	0.71949
0.02189	0.72497
0.02189	0.73383
0.02189	0.74044
0.02194	0.74849
0.02194	0.75606
0.02194	0.76379
0.02200	0.77104
0.02200	0.78038
0.02206	0.78618
0.02206	0.79279
0.02206	0.80245
0.02211	0.80777
0.02211	0.81405
0.02217	0.82017
0.02217	0.82839
0.02217	0.83966
0.02222	0.84305
0.02222	0.85497
0.02228	0.85384
0.02228	0.86769
0.02228	0.87220
0.02233	0.87752
0.02233	0.88912
0.02239	0.89443
0.02239	0.90023
0.02239	0.91054
0.02244	0.91763
0.02244	0.92584
0.02244	0.93841
0.02250	0.94018
0.02250	0.94340
0.02256	0.95323
0.02256	0.95887
0.02256	0.96821
0.02261	0.97465
0.02261	0.97788
0.02267	0.98867
0.02267	0.99076
0.02267	1.00671
0.02272	1.00574
0.02272	1.01541
0.02272	1.02378
0.02278	1.02427
0.02278	1.03490
0.02278	1.04134
0.02283	1.04118
0.02283	1.04779
0.02283	1.05584
0.02289	1.06293
0.02289	1.07034
0.02289	1.07984
0.02294	1.09192
0.02294	1.09708
0.02300	1.10368
0.02300	1.10739
0.02300	1.11818
0.02306	1.11931
0.02306	1.12720
0.02311	1.13203
0.02311	1.13574
0.02311	1.14428
0.02317	1.14814
0.02317	1.16119
0.02322	1.16473
0.02322	1.17053
0.02322	1.17843
0.02328	1.18036
0.02328	1.19373
0.02328	1.19550
0.02333	1.20114
0.02333	1.20404
0.02339	1.20855
0.02339	1.21467
0.02339	1.21564
0.02344	1.22031
0.02344	1.21966
0.02344	1.22772
0.02350	1.22724
0.02350	1.22852
0.02350	1.23110
0.02356	1.23658
0.02356	1.23899
0.02356	1.24689
0.02361	1.25108
0.02361	1.25768
0.02361	1.27137
0.02367	1.26670
0.02367	1.27282
0.02372	1.28313
0.02372	1.28829
0.02372	1.29328
0.02378	1.29151
0.02378	1.29602
0.02383	1.29537
0.02383	1.29827
0.02383	1.31148
0.02389	1.30842
0.02389	1.31873
0.02394	1.31793
0.02394	1.32195
0.02394	1.32904
0.02400	1.32711
0.02400	1.32969
0.02400	1.33339
0.02406	1.33597
0.02406	1.33693
0.02411	1.34048
0.02411	1.34451
0.02411	1.34789
0.02417	1.34499
0.02417	1.34837
0.02417	1.34724
0.02422	1.34644
0.02422	1.34741
0.02428	1.34354
0.02428	1.34757
0.02428	1.35143
0.02433	1.34596
0.02433	1.34918
0.02433	1.35337
0.02439	1.34531
0.02439	1.34434
0.02439	1.34708
0.02444	1.34402
0.02444	1.34676
0.02444	1.34451
0.02450	1.34434
0.02450	1.34338
0.02450	1.34515
0.02456	1.34386
0.02456	1.34306
0.02456	1.34563
0.02461	1.34885
0.02461	1.34982
0.02467	1.34708
0.02467	1.34853
0.02467	1.34596
0.02472	1.35288
0.02472	1.34918
0.02478	1.35304
0.02478	1.35401
0.02478	1.35175
0.02483	1.35320
0.02483	1.35675
0.02483	1.35465
0.02489	1.35337
0.02489	1.35675
0.02494	1.35771
0.02494	1.35594
0.02494	1.35417
0.02500	1.35626
0.02500	1.35320
0.02500	1.35208
0.02506	1.35514
0.02506	1.35659
0.02511	1.35175
0.02511	1.35691
0.02511	1.35111
0.02517	1.35224
0.02517	1.34692
0.02517	1.34805
0.02522	1.34563
0.02522	1.34708
0.02522	1.34853
0.02528	1.34273
0.02528	1.33887
0.02528	1.33726
0.02528	1.34096
0.02533	1.33661
0.02533	1.33581
0.02539	1.32711
0.02539	1.32840
0.02539	1.32663
0.02544	1.31954
0.02544	1.31841
0.02550	1.31229
0.02550	1.31116
0.02550	1.30214
0.02556	1.29827
0.02556	1.30053
0.02561	1.29296
0.02561	1.28796
0.02561	1.28378
0.02567	1.27685
0.02567	1.27685
0.02567	1.27186
0.02572	1.27073
0.02572	1.25800
0.02578	1.25623
0.02578	1.25140
0.02578	1.24850
0.02583	1.24608
0.02583	1.23899
0.02583	1.23577
0.02589	1.23271
0.02589	1.22240
0.02594	1.22659
0.02594	1.21966
0.02594	1.21370
0.02600	1.20919
0.02600	1.20339
0.02600	1.20275
0.02606	1.19743
0.02606	1.19212
0.02606	1.18423
0.02611	1.18342
0.02611	1.17988
0.02611	1.17488
0.02617	1.17102
0.02617	1.16361
0.02617	1.15604
0.02622	1.15233
0.02622	1.14460
0.02628	1.13445
0.02628	1.13139
0.02633	1.12801
0.02633	1.12382
0.02633	1.11496
0.02639	1.11141
0.02639	1.10223
0.02639	1.10239
0.02644	1.08983
0.02644	1.08484
0.02650	1.07807
0.02650	1.07163
0.02650	1.06422
0.02656	1.05874
0.02656	1.05584
0.02661	1.04763
0.02661	1.04489
0.02661	1.03844
0.02667	1.03007
0.02667	1.02829
0.02667	1.01654
0.02672	1.01831
0.02672	1.00558
0.02678	1.00091
0.02678	0.99205
0.02678	0.98899
0.02683	0.98400
0.02683	0.97385
0.02683	0.96998
0.02689	0.96064
0.02689	0.95887
0.02689	0.95532
0.02694	0.94807
0.02694	0.94372
0.02694	0.93470
0.02700	0.92359
0.02700	0.92262
0.02706	0.91312
0.02706	0.90072
0.02706	0.89298
0.02711	0.88847
0.02711	0.88155
0.02717	0.87059
0.02717	0.86495
0.02722	0.85400
0.02722	0.84852
0.02722	0.84127
0.02728	0.83709
0.02728	0.82823
0.02733	0.81582
0.02733	0.81180
0.02733	0.80294
0.02739	0.79633
0.02739	0.78812
0.02744	0.78312
0.02744	0.77394
0.02744	0.76750
0.02750	0.75638
0.02750	0.74897
0.02756	0.74156
0.02756	0.74156
0.02756	0.73383
0.02761	0.72642
0.02761	0.71998
0.02761	0.70757
0.02767	0.70242
0.02767	0.69549
0.02767	0.68760
0.02772	0.68438
0.02772	0.67648
0.02772	0.67133
0.02778	0.66440
0.02778	0.65860
0.02783	0.64427
0.02783	0.63798
0.02789	0.63589
0.02789	0.62574
0.02789	0.61479
0.02794	0.61189
0.02794	0.60271
0.02800	0.59787
0.02800	0.59175
0.02800	0.57983
0.02806	0.57516
0.02806	0.56517
0.02811	0.56260
0.02811	0.55599
0.02811	0.54633
0.02817	0.54294
0.02817	0.53408
0.02822	0.52619
0.02822	0.51653
0.02822	0.51073
0.02828	0.50461
0.02828	0.50074
0.02833	0.48979
0.02833	0.48753
0.02833	0.47722
0.02839	0.46675
0.02839	0.46450
0.02844	0.46015
0.02844	0.45241
0.02844	0.44597
0.02850	0.44049
0.02850	0.43534
0.02850	0.42777
0.02856	0.42632
0.02856	0.42036
0.02856	0.41037
0.02861	0.40618
0.02861	0.40006
0.02867	0.39249
0.02867	0.38299
0.02872	0.38170
0.02872	0.37848
0.02872	0.37010
0.02878	0.36011
0.02878	0.35592
0.02883	0.35029
0.02883	0.34336
0.02883	0.33498
0.02889	0.33466
0.02889	0.32322
0.02894	0.32049
0.02894	0.31211
0.02900	0.30889
0.02900	0.30277
0.02900	0.29600
0.02906	0.29068
0.02906	0.28585
0.02911	0.28263
0.02911	0.27409
0.02911	0.26749
0.02917	0.26781
0.02917	0.26411
0.02922	0.25380
0.02922	0.24961
0.02922	0.24397
0.02928	0.24139
0.02928	0.23785
0.02933	0.23463
0.02933	0.22899
0.02933	0.21949
0.02939	0.21981
0.02939	0.21723
0.02939	0.21159
0.02944	0.20756
0.02944	0.20273
0.02950	0.19838
0.02950	0.19500
0.02956	0.19065
0.02956	0.18517
0.02956	0.17921
0.02961	0.18163
0.02961	0.17664
0.02967	0.17583
0.02967	0.16504
0.02972	0.16262
0.02972	0.15666
0.02972	0.15199
0.02978	0.15086
0.02978	0.14394
0.02983	0.13910
0.02983	0.13765
0.02983	0.12992
0.02989	0.13202
0.02989	0.12718
0.02994	0.12718
0.02994	0.12187
0.02994	0.11993
0.03000	0.11430
0.03000	0.11381
0.03006	0.10818
0.03006	0.11059
0.03006	0.10689
0.03011	0.09835
0.03011	0.09996
0.03017	0.09899
0.03017	0.08917
0.03017	0.08707
0.03022	0.08836
0.03022	0.08417
0.03028	0.08224
0.03028	0.07966
0.03028	0.08143
0.03033	0.07370
0.03033	0.07419
0.03039	0.06871
0.03039	0.06565
0.03039	0.06806
0.03044	0.05985
0.03044	0.06259
0.03050	0.06436
0.03050	0.05727
0.03056	0.05614
0.03056	0.05518
0.03056	0.05373
0.03061	0.04551
0.03061	0.05083
0.03067	0.04471
0.03067	0.04132
0.03067	0.04310
0.03072	0.04294
0.03072	0.04229
0.03078	0.03730
0.03078	0.03826
0.03083	0.03891
0.03083	0.03601
0.03083	0.03601
0.03089	0.02989
0.03089	0.03391
0.03089	0.02957
0.03094	0.02763
0.03094	0.02650
0.03100	0.02779
0.03100	0.02280
0.03100	0.02570
0.03106	0.02570
0.03106	0.02103
0.03111	0.02570
0.03111	0.02473
0.03111	0.02216
0.03117	0.02328
0.03117	0.02538
0.03122	0.01732
0.03122	0.02248
0.03128	0.01700
0.03128	0.02183
0.03128	0.01765
0.03133	0.02103
0.03133	0.02199
0.03139	0.02038
0.03139	0.01700
0.03139	0.01491
0.03144	0.01845
0.03144	0.02119
0.03150	0.01652
0.03150	0.01620
0.03156	0.01491
0.03156	0.01668
0.03156	0.01475
0.03161	0.01684
0.03161	0.01571
0.03167	0.01201
0.03167	0.01410
0.03167	0.01362
0.03172	0.01781
0.03172	0.01378
0.03172	0.01491
0.03178	0.01458
0.03178	0.01620
0.03183	0.01378
0.03183	0.01652
0.03183	0.01281
0.03189	0.01297
0.03189	0.01893
0.03189	0.01330
0.03194	0.01765
0.03194	0.01781
0.03200	0.02006
0.03200	0.01652
0.03200	0.01491
0.03206	0.01716
0.03206	0.01813
0.03211	0.01990
0.03211	0.01426
0.03211	0.01571
0.03217	0.01507
0.03217	0.01700
0.03222	0.02344
0.03222	0.01620
0.03222	0.02038
0.03228	0.02119
0.03228	0.02361
0.03233	0.02006
0.03233	0.02457
0.03233	0.02167
0.03239	0.02006
0.03239	0.02747
0.03244	0.02151
0.03244	0.02183
0.03244	0.02135
0.03250	0.02071
0.03250	0.02393
0.03250	0.02264
0.03256	0.02763
0.03256	0.02940
0.03261	0.02489
0.03261	0.02731
0.03261	0.03021
0.03267	0.03440
0.03267	0.02618
0.03267	0.02828
0.03272	0.02667
0.03272	0.02731
0.03272	0.03327
0.03278	0.02683
0.03278	0.03665
0.03278	0.02795
0.03283	0.02699
0.03283	0.02844
0.03283	0.03150
0.03289	0.02731
0.03289	0.03311
0.03294	0.02892
0.03294	0.03279
0.03294	0.03359
0.03300	0.03504
0.03300	0.03343
0.03306	0.04004
0.03306	0.03520
0.03306	0.03375
0.03311	0.03311
0.03311	0.03375
0.03317	0.03649
0.03317	0.04149
0.03317	0.03472
0.03322	0.03762
0.03322	0.03375
0.03322	0.04052
0.03328	0.04245
0.03328	0.04229
0.03333	0.04132
0.03333	0.04213
0.03333	0.03810
0.03339	0.03826
0.03339	0.04229
0.03339	0.03585
0.03344	0.04245
0.03344	0.04149
0.03350	0.04648
0.03350	0.03907
0.03350	0.04680
0.03356	0.04422
0.03356	0.04165
0.03356	0.04068
0.03361	0.04728
0.03361	0.03955
0.03361	0.04229
0.03367	0.04116
0.03367	0.04584
0.03367	0.04471
0.03372	0.04567
0.03372	0.04455
0.03372	0.04986
0.03378	0.04439
0.03378	0.04100
0.03383	0.04712
0.03383	0.04326
0.03383	0.04439
0.03389	0.04825
0.03389	0.04406
0.03394	0.04519
0.03394	0.04664
0.03394	0.04326
0.03400	0.04712
0.03400	0.04680
0.03400	0.04712
0.03406	0.04165
0.03406	0.04535
0.03411	0.04422
0.03411	0.04696
0.03411	0.04342
0.03417	0.04551
0.03417	0.04535
0.03417	0.04761
0.03422	0.04374
0.03422	0.04181
0.03428	0.04664
0.03428	0.04116
0.03428	0.04664
0.03433	0.04567
0.03433	0.04503
0.03433	0.04455
0.03439	0.04745
0.03439	0.04487
0.03439	0.04261
0.03444	0.04422
0.03444	0.04358
0.03444	0.04149
0.03444	0.04406
0.03450	0.04036
0.03450	0.04261
0.03450	0.03987
0.03456	0.04487
0.03456	0.04422
0.03461	0.04374
0.03461	0.04406
0.03461	0.04406
0.03467	0.04503
0.03467	0.04165
0.03472	0.04116
0.03472	0.04326
0.03472	0.04004
0.03478	0.04374
0.03478	0.03601
0.03483	0.04036
0.03483	0.04132
0.03483	0.04020
0.03489	0.03794
0.03489	0.03375
0.03489	0.03778
0.03494	0.03939
0.03494	0.03843
0.03500	0.03843
0.03500	0.03843
0.03500	0.03166
0.03506	0.03021
0.03506	0.03633
0.03506	0.03408
0.03511	0.03375
0.03511	0.03440
0.03511	0.03246
0.03517	0.02973
0.03517	0.03150
0.03517	0.03182
0.03522	0.03327
0.03522	0.03214
0.03522	0.03214
0.03528	0.03150
0.03528	0.02457
0.03528	0.02828
0.03533	0.02457
0.03533	0.03166
0.03533	0.02667
0.03539	0.03053
0.03539	0.02779
0.03544	0.02844
0.03544	0.02328
0.03544	0.02908
0.03550	0.02457
0.03550	0.02844
0.03550	0.02344
0.03556	0.02554
0.03556	0.02393
0.03561	0.02570
0.03561	0.01974
0.03561	0.02280
0.03567	0.01861
0.03567	0.01829
0.03567	0.02393
0.03572	0.01861
0.03572	0.01716
0.03578	0.01926
0.03578	0.01829
0.03578	0.01974
0.03583	0.01475
0.03583	0.01748
0.03583	0.01587
0.03589	0.01507
0.03589	0.01523
0.03589	0.01845
0.03594	0.01442
0.03594	0.01652
0.03594	0.01072
0.03600	0.01732
0.03600	0.01362
0.03606	0.01636
0.03606	0.01410
0.03606	0.00669
0.03611	0.01426
0.03611	0.00621
0.03611	0.00975
0.03611	0.01040
0.03617	0.00846
0.03617	0.01024
0.03622	0.00556
0.03622	0.00959
0.03622	0.00347
0.03628	0.01040
0.03628	0.00428
0.03633	0.00830
0.03633	0.00621
0.03633	0.00411
0.03639	0.00395
0.03639	0.00379
0.03639	0.00621
0.03644	-0.00024
0.03644	0.00411
0.03650	-0.00104
0.03650	0.00138
0.03650	-0.00475
0.03656	0.00315
0.03656	-0.00201
0.03661	0.00089
0.03661	-0.00491
0.03661	0.00009
0.03667	-0.00410
0.03667	-0.00217
0.03667	0.00170
0.03672	-0.00426
0.03672	-0.00265
0.03672	-0.00523
0.03678	-0.00394
0.03678	-0.00346
0.03683	-0.00475
0.03683	-0.00877
0.03683	0.00057
0.03689	-0.00652
0.03689	-0.00748
0.03689	-0.00297
0.03689	-0.00716
0.03694	-0.00668
0.03694	-0.00571
0.03700	-0.00426
0.03700	-0.00362
0.03700	-0.01119
0.03706	-0.00716
0.03706	-0.00539
0.03711	-0.01054
0.03711	-0.00990
0.03711	-0.01199
0.03717	-0.01344
0.03717	-0.00877
0.03722	-0.01586
0.03722	-0.00781
0.03722	-0.01586
0.03728	-0.01038
0.03728	-0.01087
0.03728	-0.01344
0.03733	-0.01296
0.03733	-0.01651
0.03739	-0.01087
0.03739	-0.01715
0.03739	-0.01328
0.03744	-0.01522
0.03744	-0.01103
0.03750	-0.01538
0.03750	-0.01264
0.03750	-0.01087
0.03756	-0.01312
0.03756	-0.01280
0.03756	-0.01473
0.03761	-0.01602
0.03761	-0.01232
0.03761	-0.01264
0.03767	-0.01844
0.03767	-0.01296
0.03772	-0.01586
0.03772	-0.01280
0.03772	-0.01264
0.03778	-0.01554
0.03778	-0.01586
0.03778	-0.01844
0.03783	-0.01812
0.03783	-0.01940
0.03783	-0.01651
0.03789	-0.01795
0.03789	-0.01296
0.03794	-0.01264
0.03794	-0.01699
0.03794	-0.01747
0.03800	-0.01216
0.03800	-0.01715
0.03806	-0.01425
0.03806	-0.01377
0.03806	-0.01651
0.03811	-0.01924
0.03811	-0.01940
0.03817	-0.01908
0.03817	-0.01522
0.03822	-0.01683
0.03822	-0.01199
0.03822	-0.01006
0.03828	-0.01538
0.03828	-0.01602
0.03828	-0.01296
0.03833	-0.01328
0.03833	-0.00990
0.03839	-0.01860
0.03839	-0.01425
0.03839	-0.01054
0.03844	-0.01216
0.03844	-0.01409
0.03844	-0.01183
0.03850	-0.01248
0.03850	-0.01167
0.03850	-0.01506
0.03856	-0.01425
0.03856	-0.01699
0.03861	-0.01119
0.03861	-0.00942
0.03861	-0.01554
0.03867	-0.01216
0.03867	-0.01167
0.03867	-0.01151
0.03872	-0.00958
0.03872	-0.01344
0.03878	-0.01071
0.03878	-0.01071
0.03883	-0.00829
0.03883	-0.00748
0.03883	-0.00636
0.03889	-0.01409
0.03889	-0.00926
0.03894	-0.01361
0.03894	-0.00829
0.03894	-0.01248
0.03900	-0.00668
0.03900	-0.00652
0.03906	-0.00974
0.03906	-0.00877
0.03906	-0.00990
0.03911	-0.00346
0.03911	-0.01119
0.03917	-0.00539
0.03917	-0.00507
0.03917	-0.00620
0.03922	-0.00571
0.03922	-0.00507
0.03928	-0.00313
0.03928	-0.00265
0.03928	-0.00458
0.03933	-0.00185
0.03933	-0.00958
0.03933	-0.00781
0.03939	-0.00120
0.03939	-0.00362
0.03944	-0.00120
0.03944	-0.00603
0.03944	-0.00007
0.03950	-0.00507
0.03950	-0.00265
0.03956	-0.00313
0.03956	-0.00233
0.03956	-0.00426
0.03961	0.00025
0.03961	0.00347
0.03967	-0.00330
0.03967	-0.00104
0.03972	-0.00346
0.03972	0.00218
0.03972	-0.00346
0.03978	-0.00007
0.03978	0.00250
0.03983	-0.00313
0.03983	0.00041
0.03983	-0.00104
0.03989	0.00041
0.03989	0.00025
0.03994	0.00299
0.03994	0.00105
0.03994	0.00411
0.04000	0.00444
0.04000	0.00170
0.04006	0.00428
0.04006	-0.00120
0.04006	0.00572
0.04011	0.00508
0.04011	0.00218
0.04017	0.00250
0.04017	0.00428
0.04017	0.00879
0.04022	0.00444
0.04022	0.00299
0.04022	0.00701
0.04028	0.00524
0.04028	0.00734
0.04033	0.00411
0.04033	0.00895
0.04039	0.00138
0.04039	0.00589
0.04039	0.01007
0.04044	0.00250
0.04044	0.00862
0.04050	0.00814
0.04050	0.01201
0.04056	0.00959
0.04056	0.01056
0.04056	0.00605
0.04061	0.00266
0.04061	0.00605
0.04067	0.01024
0.04067	0.00814
0.04072	0.00927
0.04072	0.00959
0.04072	0.00734
0.04078	0.00589
0.04078	0.00862
0.04083	0.00895
0.04083	0.00589
0.04083	0.00830
0.04089	0.00959
0.04089	0.01072
0.04094	0.00734
0.04094	0.00895
0.04094	0.01313
0.04100	0.01378
0.04100	0.00862
0.04100	0.01072
0.04106	0.00734
0.04106	0.01136
0.04111	0.00798
0.04111	0.01104
0.04111	0.00605
0.04117	0.00862
0.04117	0.01072
0.04122	0.01281
0.04122	0.01104
0.04122	0.00701
0.04128	0.00959
0.04128	0.01088
0.04133	0.01152
0.04133	0.01249
0.04133	0.00605
0.04139	0.01168
0.04139	0.00750
0.04144	0.01007
0.04144	0.00621
0.04150	0.01378
0.04150	0.01104
0.04150	0.00895
0.04156	0.01104
0.04156	0.00379
0.04161	0.01281
0.04161	0.00508
0.04161	0.00879
0.04167	0.01152
0.04167	0.01152
0.04172	0.00895
0.04172	0.00846
0.04172	0.00685
0.04178	0.00299
0.04178	0.00830
0.04183	0.00089
0.04183	0.00411
0.04183	0.00782
0.04189	0.00717
0.04189	0.00621
0.04189	0.01072
0.04194	0.00428
0.04194	0.00685
0.04200	0.00701
0.04200	0.00943
0.04200	0.00734
0.04206	0.00395
0.04206	0.00605
0.04206	0.00798
0.04211	0.00540
0.04211	0.00814
0.04217	0.00379
0.04217	0.00266
0.04217	-0.00024
0.04222	0.00315
0.04222	0.00121
0.04228	0.00556
0.04228	0.00492
0.04228	0.00266
0.04233	0.00170
0.04233	0.00347
0.04239	0.00202
0.04239	0.00379
0.04239	-0.00040
0.04244	0.00347
0.04244	0.00009
0.04250	0.00266
0.04250	-0.00104
0.04250	0.00428
0.04256	0.00025
0.04256	0.00186
0.04256	0.00637
0.04261	-0.00169
0.04261	-0.00265
0.04267	-0.00217
0.04267	0.00105
0.04267	-0.00136
0.04272	-0.00169
0.04272	0.00041
0.04272	0.00138
0.04278	-0.00442
0.04278	-0.00201
0.04278	-0.00233
0.04283	-0.00394
0.04283	-0.00217
0.04283	-0.00281
0.04289	-0.00346
0.04289	-0.00120
0.04294	-0.00603
0.04294	-0.00281
0.04294	-0.00652
0.04300	-0.00620
0.04300	-0.00523
0.04306	-0.00297
0.04306	-0.00797
0.04306	-0.00716
0.04311	-0.00458
0.04311	-0.00781
0.04317	-0.00297
0.04317	-0.00926
0.04317	-0.00555
0.04322	-0.00491
0.04322	-0.00958
0.04328	-0.00571
0.04328	-0.01054
0.04328	-0.01151
0.04333	-0.01022
0.04333	-0.00475
0.04333	-0.00716
0.04339	-0.01006
0.04339	-0.00523
0.04339	-0.00926
0.04344	-0.00620
0.04344	-0.01006
0.04350	-0.01038
0.04350	-0.00765
0.04350	-0.01022
0.04356	-0.01344
0.04356	-0.00974
0.04356	-0.00636
0.04361	-0.01248
0.04361	-0.01103
0.04361	-0.01248
0.04367	-0.01328
0.04367	-0.01135
0.04367	-0.00845
0.04372	-0.01844
0.04372	-0.01087
0.04372	-0.01248
0.04378	-0.01538
0.04378	-0.01473
0.04378	-0.01361
0.04383	-0.01554
0.04383	-0.01183
0.04389	-0.01618
0.04389	-0.01264
0.04394	-0.01667
0.04394	-0.01425
0.04394	-0.01538
0.04400	-0.01377
0.04400	-0.01232
0.04406	-0.01586
0.04406	-0.01940
0.04406	-0.01280
0.04411	-0.01586
0.04411	-0.01683
0.04411	-0.01473
0.04417	-0.01844
0.04417	-0.01361
0.04422	-0.01232
0.04422	-0.01779
0.04422	-0.01940
0.04428	-0.01312
0.04428	-0.02085
0.04428	-0.01586
0.04433	-0.01602
0.04433	-0.01651
0.04433	-0.01699
0.04439	-0.02198
0.04439	-0.01602
0.04439	-0.01506
0.04444	-0.02230
0.04444	-0.01828
0.04444	-0.01570
0.04450	-0.02021
0.04450	-0.01795
0.04450	-0.01828
0.04456	-0.02021
0.04456	-0.01554
0.04461	-0.02182
0.04461	-0.02214
0.04461	-0.01876
0.04467	-0.01973
0.04467	-0.02198
0.04472	-0.01457
0.04472	-0.02279
0.04472	-0.01957
0.04478	-0.01473
0.04478	-0.02134
0.04483	-0.01957
0.04483	-0.01747
0.04483	-0.02166
0.04489	-0.01892
0.04489	-0.01957
0.04494	-0.01667
0.04494	-0.02311
0.04494	-0.01731
0.04500	-0.01795
0.04500	-0.01860
0.04500	-0.01860
0.04506	-0.01602
0.04506	-0.01908
0.04511	-0.02118
0.04511	-0.02247
0.04511	-0.01973
0.04517	-0.02085
0.04517	-0.02118
0.04517	-0.02263
0.04522	-0.02247
0.04522	-0.02005
0.04522	-0.01538
0.04528	-0.02214
0.04528	-0.01876
0.04528	-0.02214
0.04533	-0.02037
0.04533	-0.01812
0.04533	-0.02649
0.04539	-0.02150
0.04539	-0.02198
0.04539	-0.02456
0.04544	-0.01651
0.04544	-0.02118
0.04550	-0.01699
0.04550	-0.01924
0.04550	-0.01795
0.04556	-0.01957
0.04556	-0.02053
0.04561	-0.01473
0.04561	-0.01940
0.04561	-0.01779
0.04567	-0.01763
0.04567	-0.01892
0.04572	-0.01828
0.04572	-0.01957
0.04572	-0.01457
0.04578	-0.01844
0.04578	-0.01634
0.04578	-0.02295
0.04583	-0.01506
0.04583	-0.02214
0.04589	-0.01860
0.04589	-0.01699
0.04589	-0.02085
0.04594	-0.01473
0.04594	-0.01731
0.04594	-0.01667
0.04600	-0.01892
0.04600	-0.01957
0.04600	-0.01989
0.04606	-0.01473
0.04606	-0.02134
0.04606	-0.01828
0.04611	-0.01795
0.04611	-0.01795
0.04611	-0.01940
0.04617	-0.01940
0.04617	-0.02102
0.04617	-0.01731
0.04622	-0.01924
0.04622	-0.01940
0.04628	-0.01618
0.04628	-0.01506
0.04628	-0.01344
0.04633	-0.02182
0.04633	-0.01441
0.04633	-0.01747
0.04639	-0.01328
0.04639	-0.01908
0.04644	-0.01264
0.04644	-0.01216
0.04644	-0.01828
0.04650	-0.01506
0.04650	-0.01973
0.04650	-0.01425
0.04656	-0.01409
0.04656	-0.01586
0.04661	-0.01425
0.04661	-0.01570
0.04661	-0.01506
0.04667	-0.01038
0.04667	-0.01489
0.04667	-0.01344
0.04672	-0.01441
0.04672	-0.01119
0.04672	-0.01344
0.04678	-0.00990
0.04678	-0.01473
0.04683	-0.01071
0.04683	-0.01570
0.04683	-0.01393
0.04689	-0.00861
0.04689	-0.01425
0.04689	-0.01489
0.04689	-0.01296
0.04694	-0.01054
0.04694	-0.01022
0.04694	-0.01506
0.04700	-0.01441
0.04700	-0.01409
0.04706	-0.00958
0.04706	-0.01377
0.04706	-0.01216
0.04711	-0.01071
0.04711	-0.01167
0.04717	-0.00797
0.04717	-0.01570
0.04717	-0.01135
0.04722	-0.01554
0.04722	-0.01038
0.04722	-0.00652
0.04728	-0.01135
0.04728	-0.01216
0.04733	-0.01264
0.04733	-0.01135
0.04733	-0.00942
0.04739	-0.01022
0.04739	-0.00861
0.04744	-0.00942
0.04744	-0.01167
0.04744	-0.00958
0.04750	-0.00861
0.04750	-0.01135
0.04750	-0.01071
0.04756	-0.00974
0.04756	-0.01071
0.04756	-0.00861
0.04761	-0.00571
0.04761	-0.00958
0.04761	-0.00845
0.04767	-0.00636
0.04767	-0.00668
0.04767	-0.00700
0.04772	-0.00829
0.04772	-0.00877
0.04772	-0.00861
0.04778	-0.01071
0.04778	-0.01006
0.04778	-0.00942
0.04783	-0.00893
0.04783	-0.00732
0.04789	-0.00974
0.04789	-0.00346
0.04789	-0.00845
0.04794	-0.00813
0.04794	-0.00620
0.04800	-0.00845
0.04800	-0.00732
0.04800	-0.00700
0.04806	-0.01119
0.04806	-0.00990
0.04806	-0.00958
0.04811	-0.01151
0.04811	-0.00781
0.04817	-0.00700
0.04817	-0.01119
0.04817	-0.00974
0.04822	-0.01199
0.04822	-0.00974
0.04822	-0.00829
0.04828	-0.00974
0.04828	-0.00748
0.04833	-0.00797
0.04833	-0.00813
0.04833	-0.00861
0.04839	-0.01087
0.04839	-0.00716
0.04839	-0.00636
0.04844	-0.01151
0.04844	-0.01006
0.04850	-0.01071
0.04850	-0.00861
0.04850	-0.00748
0.04856	-0.01264
0.04856	-0.00652
0.04856	-0.00829
0.04861	-0.00974
0.04861	-0.00942
0.04861	-0.01022
0.04867	-0.01054
0.04867	-0.00893
0.04867	-0.00942
0.04872	-0.00684
0.04872	-0.01054
0.04878	-0.00716
0.04878	-0.00861
0.04878	-0.01248
0.04883	-0.01087
0.04883	-0.01232
0.04889	-0.01103
0.04889	-0.01135
0.04889	-0.00668
0.04894	-0.01232
0.04894	-0.00797
0.04900	-0.00861
0.04900	-0.01038
0.04900	-0.00926
0.04906	-0.01167
0.04906	-0.00829
0.04911	-0.01038
0.04911	-0.00765
0.04911	-0.01361
0.04917	-0.00829
0.04917	-0.01409
0.04917	-0.01296
0.04922	-0.00781
0.04922	-0.01361
0.04922	-0.01071
0.04928	-0.01538
0.04928	-0.01087
0.04933	-0.01506
0.04933	-0.00990
0.04933	-0.01602
0.04939	-0.01361
0.04939	-0.01393
0.04939	-0.01022
0.04944	-0.01425
0.04944	-0.01199
0.04944	-0.01506
0.04950	-0.01264
0.04950	-0.01425
0.04956	-0.01216
0.04956	-0.01328
0.04956	-0.01071
0.04961	-0.01054
0.04961	-0.01087
0.04967	-0.01522
0.04967	-0.01216
0.04967	-0.01296
0.04972	-0.01361
0.04972	-0.01054
0.04978	-0.01763
0.04978	-0.01377
0.04978	-0.00974
0.04983	-0.01006
0.04983	-0.01071
0.04983	-0.01087
0.04989	-0.01377
0.04989	-0.01377
0.04994	-0.01667
0.04994	-0.01570
0.04994	-0.01264
0.05000	-0.01506
0.05000	-0.01457
0.05000	-0.01828
0.05006	-0.00958
0.05006	-0.01554
0.05011	-0.01296