Interference and Diffraction Data File Wed, Nov 03, 2021 4:00 PM
Sensor Position (Meters)	Light Intensity (Volts)
0.00000	-0.01232
0.00000	-0.01522
0.00000	-0.01199
0.00006	-0.01457
0.00006	-0.01699
0.00006	-0.00926
0.00011	-0.01071
0.00011	-0.01473
0.00011	-0.01006
0.00011	-0.01071
0.00017	-0.01441
0.00017	-0.01280
0.00022	-0.01119
0.00022	-0.01183
0.00022	-0.01054
0.00028	-0.01747
0.00028	-0.01312
0.00028	-0.01344
0.00028	-0.01312
0.00028	-0.01199
0.00028	-0.01554
0.00028	-0.00732
0.00028	-0.01409
0.00028	-0.01667
0.00028	-0.01522
0.00028	-0.01715
0.00028	-0.01151
0.00028	-0.00765
0.00033	-0.01328
0.00033	-0.01328
0.00039	-0.01506
0.00039	-0.01328
0.00039	-0.00990
0.00044	-0.01393
0.00044	-0.01634
0.00044	-0.01618
0.00050	-0.01747
0.00050	-0.01699
0.00050	-0.01699
0.00056	-0.01828
0.00056	-0.01280
0.00056	-0.01264
0.00061	-0.01554
0.00061	-0.01457
0.00061	-0.01344
0.00067	-0.01248
0.00067	-0.01747
0.00067	-0.01634
0.00072	-0.01876
0.00072	-0.01618
0.00072	-0.01667
0.00078	-0.01554
0.00078	-0.01699
0.00083	-0.01924
0.00083	-0.01570
0.00083	-0.01634
0.00089	-0.01634
0.00089	-0.01634
0.00089	-0.01602
0.00094	-0.01812
0.00094	-0.01554
0.00100	-0.01328
0.00100	-0.01602
0.00100	-0.01828
0.00106	-0.01667
0.00106	-0.01425
0.00111	-0.01328
0.00111	-0.01667
0.00111	-0.01425
0.00117	-0.01425
0.00117	-0.01812
0.00117	-0.01957
0.00122	-0.01957
0.00122	-0.02021
0.00122	-0.01457
0.00128	-0.01377
0.00128	-0.02005
0.00133	-0.01795
0.00133	-0.01876
0.00133	-0.02021
0.00139	-0.01651
0.00139	-0.01683
0.00139	-0.02005
0.00144	-0.02247
0.00144	-0.02166
0.00144	-0.01715
0.00150	-0.02085
0.00150	-0.01989
0.00150	-0.02021
0.00156	-0.02053
0.00156	-0.01876
0.00161	-0.01618
0.00161	-0.02150
0.00161	-0.02150
0.00167	-0.01957
0.00167	-0.01699
0.00172	-0.01989
0.00172	-0.01924
0.00172	-0.02359
0.00178	-0.02247
0.00178	-0.02214
0.00178	-0.02263
0.00183	-0.02085
0.00183	-0.02005
0.00189	-0.01828
0.00189	-0.01715
0.00189	-0.01940
0.00194	-0.02150
0.00194	-0.02247
0.00200	-0.02134
0.00200	-0.02311
0.00200	-0.02424
0.00206	-0.02295
0.00206	-0.02263
0.00206	-0.02263
0.00211	-0.01940
0.00211	-0.02021
0.00217	-0.01973
0.00217	-0.01876
0.00217	-0.02327
0.00222	-0.02279
0.00222	-0.01506
0.00222	-0.01522
0.00228	-0.01973
0.00228	-0.02214
0.00228	-0.02279
0.00233	-0.02375
0.00233	-0.02102
0.00239	-0.02295
0.00239	-0.02053
0.00239	-0.01779
0.00244	-0.02150
0.00244	-0.02053
0.00244	-0.01860
0.00250	-0.02424
0.00250	-0.02182
0.00256	-0.02359
0.00256	-0.02343
0.00256	-0.01779
0.00261	-0.01586
0.00261	-0.02214
0.00267	-0.02069
0.00267	-0.02085
0.00267	-0.02134
0.00272	-0.01940
0.00272	-0.02085
0.00278	-0.02408
0.00278	-0.02198
0.00278	-0.02295
0.00283	-0.02247
0.00283	-0.02069
0.00289	-0.02005
0.00289	-0.01828
0.00289	-0.01892
0.00294	-0.01795
0.00294	-0.01699
0.00294	-0.01989
0.00300	-0.01812
0.00300	-0.01779
0.00306	-0.01683
0.00306	-0.01876
0.00306	-0.01989
0.00311	-0.02085
0.00311	-0.01457
0.00311	-0.01957
0.00317	-0.01940
0.00317	-0.01651
0.00322	-0.02182
0.00322	-0.02295
0.00322	-0.02102
0.00328	-0.02520
0.00328	-0.01779
0.00333	-0.01892
0.00333	-0.01957
0.00333	-0.01651
0.00339	-0.01828
0.00339	-0.02118
0.00339	-0.01634
0.00344	-0.02230
0.00344	-0.01715
0.00350	-0.02408
0.00350	-0.02182
0.00356	-0.01699
0.00356	-0.01763
0.00356	-0.02102
0.00361	-0.02166
0.00361	-0.02166
0.00367	-0.01763
0.00367	-0.01747
0.00367	-0.01795
0.00372	-0.01812
0.00372	-0.01538
0.00372	-0.01586
0.00378	-0.01812
0.00378	-0.01296
0.00383	-0.01586
0.00383	-0.01795
0.00383	-0.01683
0.00389	-0.01554
0.00389	-0.01506
0.00389	-0.01554
0.00394	-0.02134
0.00394	-0.01940
0.00400	-0.01924
0.00400	-0.01441
0.00400	-0.01651
0.00406	-0.01957
0.00406	-0.01586
0.00406	-0.01618
0.00411	-0.01312
0.00411	-0.01795
0.00417	-0.01779
0.00417	-0.01183
0.00417	-0.01506
0.00422	-0.01167
0.00422	-0.01167
0.00428	-0.01473
0.00428	-0.01715
0.00428	-0.01683
0.00433	-0.01087
0.00433	-0.01651
0.00439	-0.01087
0.00439	-0.01264
0.00439	-0.01473
0.00444	-0.01489
0.00444	-0.01602
0.00450	-0.01071
0.00450	-0.00974
0.00450	-0.01232
0.00456	-0.01570
0.00456	-0.01038
0.00461	-0.01248
0.00461	-0.01296
0.00461	-0.01457
0.00467	-0.00926
0.00467	-0.00781
0.00467	-0.01006
0.00472	-0.01167
0.00472	-0.00861
0.00472	-0.01071
0.00478	-0.01022
0.00478	-0.01522
0.00478	-0.01022
0.00483	-0.01586
0.00483	-0.00765
0.00489	-0.01232
0.00489	-0.01232
0.00489	-0.00926
0.00494	-0.00797
0.00494	-0.00748
0.00494	-0.00781
0.00500	-0.00781
0.00500	-0.00700
0.00506	-0.01199
0.00506	-0.00620
0.00506	-0.01377
0.00511	-0.00732
0.00511	-0.00797
0.00511	-0.01151
0.00517	-0.00974
0.00517	-0.00620
0.00522	-0.00700
0.00522	-0.00555
0.00522	-0.01071
0.00528	-0.00765
0.00528	-0.00571
0.00528	-0.00362
0.00533	-0.01103
0.00533	-0.00652
0.00539	-0.00732
0.00539	-0.00571
0.00539	-0.00829
0.00544	-0.00313
0.00544	-0.00426
0.00544	-0.00636
0.00550	-0.00410
0.00550	-0.00491
0.00556	-0.00523
0.00556	-0.00684
0.00556	-0.00861
0.00561	-0.00491
0.00561	-0.00346
0.00561	-0.00571
0.00567	-0.00571
0.00567	-0.00571
0.00567	-0.00249
0.00572	-0.00716
0.00572	-0.00539
0.00572	-0.00652
0.00578	-0.00201
0.00578	-0.00378
0.00578	-0.00362
0.00583	-0.00313
0.00583	-0.00748
0.00583	-0.00378
0.00589	-0.00636
0.00589	-0.00652
0.00594	-0.00024
0.00594	-0.00330
0.00594	-0.00458
0.00600	-0.00201
0.00600	-0.00845
0.00600	-0.00185
0.00606	-0.00104
0.00606	-0.00571
0.00611	-0.00507
0.00611	-0.00346
0.00611	-0.00024
0.00617	-0.00265
0.00617	-0.00426
0.00622	-0.00684
0.00622	-0.00007
0.00622	-0.00201
0.00628	-0.00056
0.00628	-0.00539
0.00628	-0.00185
0.00633	-0.00185
0.00633	-0.00346
0.00633	-0.00313
0.00639	-0.00007
0.00639	-0.00313
0.00639	0.00154
0.00644	-0.00636
0.00644	-0.00475
0.00644	-0.00410
0.00650	-0.00603
0.00650	0.00202
0.00650	-0.00281
0.00656	-0.00056
0.00656	-0.00313
0.00656	-0.00169
0.00661	0.00073
0.00661	-0.00169
0.00661	-0.00249
0.00667	-0.00571
0.00667	-0.00571
0.00667	0.00105
0.00672	-0.00394
0.00672	-0.00185
0.00678	-0.00024
0.00678	-0.00523
0.00678	-0.00104
0.00683	-0.00136
0.00683	-0.00539
0.00689	-0.00024
0.00689	-0.00458
0.00689	-0.00007
0.00694	-0.00056
0.00694	-0.00571
0.00694	0.00041
0.00700	-0.00072
0.00700	-0.00249
0.00706	-0.00684
0.00706	-0.00620
0.00706	-0.00571
0.00711	-0.00169
0.00711	0.00009
0.00711	-0.00523
0.00717	-0.00426
0.00717	-0.00442
0.00717	0.00089
0.00722	-0.00458
0.00722	-0.00120
0.00722	-0.00297
0.00728	-0.00297
0.00728	-0.00732
0.00728	-0.00297
0.00733	-0.00523
0.00733	-0.00845
0.00733	-0.00104
0.00739	0.00105
0.00739	-0.00297
0.00739	-0.00346
0.00744	-0.00571
0.00744	-0.00362
0.00744	-0.00539
0.00750	-0.00265
0.00750	-0.00539
0.00756	-0.00813
0.00756	0.00009
0.00756	-0.00410
0.00761	-0.00330
0.00761	-0.00587
0.00767	-0.00587
0.00767	-0.00555
0.00767	-0.00652
0.00772	-0.00684
0.00772	-0.00523
0.00772	-0.00475
0.00778	-0.00877
0.00778	-0.00813
0.00783	-0.00942
0.00783	-0.00458
0.00783	-0.00620
0.00789	-0.00394
0.00789	-0.00620
0.00789	-0.00458
0.00794	-0.00555
0.00794	-0.00539
0.00800	-0.00861
0.00800	0.00186
0.00800	-0.00861
0.00806	-0.00491
0.00806	-0.00491
0.00806	-0.00152
0.00811	-0.01199
0.00811	-0.00829
0.00811	-0.00765
0.00817	-0.00587
0.00817	-0.00571
0.00817	-0.00700
0.00817	-0.00716
0.00822	-0.00974
0.00822	-0.00926
0.00822	-0.00958
0.00828	-0.00668
0.00828	-0.01087
0.00833	-0.00910
0.00833	-0.00603
0.00833	-0.01054
0.00839	-0.00990
0.00839	-0.01071
0.00844	-0.01199
0.00844	-0.01054
0.00844	-0.01022
0.00850	-0.01280
0.00850	-0.00845
0.00856	-0.01183
0.00856	-0.01312
0.00856	-0.01038
0.00861	-0.00829
0.00861	-0.00942
0.00867	-0.01151
0.00867	-0.01441
0.00867	-0.00910
0.00872	-0.01103
0.00872	-0.01167
0.00872	-0.01248
0.00878	-0.01296
0.00878	-0.00926
0.00878	-0.00829
0.00883	-0.01151
0.00883	-0.01151
0.00889	-0.01199
0.00889	-0.01377
0.00889	-0.01683
0.00894	-0.01795
0.00894	-0.01280
0.00894	-0.01280
0.00900	-0.01264
0.00900	-0.01183
0.00900	-0.01457
0.00906	-0.01296
0.00906	-0.01489
0.00906	-0.01393
0.00911	-0.01489
0.00911	-0.01006
0.00911	-0.01651
0.00917	-0.01651
0.00917	-0.01361
0.00922	-0.01763
0.00922	-0.01393
0.00922	-0.01441
0.00928	-0.02069
0.00928	-0.01795
0.00933	-0.01651
0.00933	-0.01715
0.00933	-0.01876
0.00939	-0.02134
0.00939	-0.01957
0.00944	-0.01957
0.00944	-0.01731
0.00944	-0.01844
0.00950	-0.01651
0.00950	-0.01602
0.00956	-0.01473
0.00956	-0.01844
0.00956	-0.01715
0.00961	-0.01683
0.00961	-0.01538
0.00961	-0.02069
0.00967	-0.01892
0.00967	-0.02488
0.00967	-0.01924
0.00972	-0.01860
0.00972	-0.02118
0.00978	-0.01908
0.00978	-0.01860
0.00978	-0.01908
0.00978	-0.01940
0.00983	-0.02182
0.00983	-0.01667
0.00983	-0.01876
0.00989	-0.01828
0.00989	-0.01795
0.00994	-0.01651
0.00994	-0.01747
0.00994	-0.01908
0.01000	-0.01957
0.01000	-0.01892
0.01006	-0.02150
0.01006	-0.02102
0.01006	-0.01892
0.01011	-0.02182
0.01011	-0.02021
0.01017	-0.01828
0.01017	-0.01828
0.01017	-0.01860
0.01022	-0.02069
0.01022	-0.02343
0.01022	-0.02327
0.01028	-0.02279
0.01028	-0.01989
0.01033	-0.01779
0.01033	-0.02343
0.01033	-0.01812
0.01039	-0.01892
0.01039	-0.02456
0.01044	-0.01860
0.01044	-0.01683
0.01044	-0.02182
0.01050	-0.02295
0.01050	-0.01973
0.01050	-0.02102
0.01056	-0.02698
0.01056	-0.01779
0.01056	-0.02085
0.01061	-0.02150
0.01061	-0.02150
0.01061	-0.01667
0.01067	-0.01715
0.01067	-0.02069
0.01067	-0.02118
0.01072	-0.02085
0.01072	-0.02118
0.01078	-0.01940
0.01078	-0.01747
0.01078	-0.02021
0.01083	-0.01876
0.01083	-0.01957
0.01089	-0.01618
0.01089	-0.01940
0.01089	-0.02021
0.01094	-0.01763
0.01094	-0.01731
0.01100	-0.01924
0.01100	-0.01763
0.01100	-0.01812
0.01106	-0.01892
0.01106	-0.01489
0.01111	-0.01812
0.01111	-0.01522
0.01111	-0.01618
0.01117	-0.01506
0.01117	-0.01667
0.01117	-0.01844
0.01122	-0.01651
0.01122	-0.01457
0.01128	-0.01683
0.01128	-0.01473
0.01128	-0.01699
0.01133	-0.01489
0.01133	-0.01586
0.01133	-0.01699
0.01139	-0.01844
0.01139	-0.01570
0.01144	-0.01425
0.01144	-0.01989
0.01144	-0.01570
0.01150	-0.01377
0.01150	-0.01602
0.01150	-0.01683
0.01156	-0.01715
0.01156	-0.01232
0.01161	-0.01699
0.01161	-0.01779
0.01161	-0.01602
0.01167	-0.01135
0.01167	-0.01119
0.01172	-0.00974
0.01172	-0.01344
0.01172	-0.00893
0.01178	-0.01135
0.01178	-0.01248
0.01183	-0.00877
0.01183	-0.00942
0.01183	-0.00797
0.01189	-0.01071
0.01189	-0.00990
0.01194	-0.00781
0.01194	-0.01328
0.01194	-0.00523
0.01200	-0.00861
0.01200	-0.00507
0.01206	-0.00813
0.01206	-0.00297
0.01206	-0.00684
0.01211	-0.00475
0.01211	-0.00297
0.01211	-0.00265
0.01217	-0.00475
0.01217	-0.00507
0.01222	-0.00169
0.01222	-0.00426
0.01222	-0.00636
0.01228	-0.00362
0.01228	0.00138
0.01233	0.00105
0.01233	0.00025
0.01233	-0.00169
0.01239	-0.00040
0.01239	0.00138
0.01244	-0.00217
0.01244	0.00041
0.01244	-0.00201
0.01250	-0.00104
0.01250	-0.00040
0.01256	0.00105
0.01256	0.00363
0.01256	0.00347
0.01261	0.00589
0.01261	0.00766
0.01267	0.00315
0.01267	0.00234
0.01267	0.00283
0.01272	0.00540
0.01272	0.00556
0.01278	0.00653
0.01278	0.00524
0.01283	0.00589
0.01283	0.00669
0.01283	0.00814
0.01289	0.01168
0.01289	0.01072
0.01289	0.00959
0.01294	0.01104
0.01294	0.01346
0.01300	0.01603
0.01300	0.01378
0.01300	0.01233
0.01306	0.01233
0.01306	0.01668
0.01311	0.01346
0.01311	0.01458
0.01311	0.01136
0.01317	0.01603
0.01317	0.01636
0.01317	0.01652
0.01322	0.01781
0.01322	0.01603
0.01328	0.01845
0.01328	0.01636
0.01333	0.01523
0.01333	0.01748
0.01333	0.01926
0.01339	0.02135
0.01339	0.01877
0.01344	0.02199
0.01344	0.02344
0.01344	0.02038
0.01350	0.02328
0.01350	0.02361
0.01356	0.02473
0.01356	0.02409
0.01361	0.02779
0.01361	0.02441
0.01361	0.02860
0.01367	0.02650
0.01367	0.02731
0.01372	0.02554
0.01372	0.03005
0.01372	0.03069
0.01378	0.02924
0.01378	0.02812
0.01383	0.02989
0.01383	0.02957
0.01383	0.02844
0.01389	0.03021
0.01389	0.02973
0.01389	0.03037
0.01394	0.02795
0.01394	0.02828
0.01400	0.03198
0.01400	0.03488
0.01400	0.03520
0.01406	0.03987
0.01406	0.03408
0.01411	0.03424
0.01411	0.03263
0.01411	0.03472
0.01417	0.03359
0.01417	0.03601
0.01422	0.04084
0.01422	0.03891
0.01422	0.03778
0.01428	0.03633
0.01428	0.03714
0.01433	0.03569
0.01433	0.04358
0.01433	0.04116
0.01439	0.04132
0.01439	0.04036
0.01444	0.03955
0.01444	0.04406
0.01444	0.04132
0.01450	0.04342
0.01450	0.04213
0.01456	0.04374
0.01456	0.04374
0.01456	0.04213
0.01461	0.04342
0.01461	0.04261
0.01467	0.04342
0.01467	0.04342
0.01467	0.04374
0.01472	0.04535
0.01472	0.04890
0.01472	0.04487
0.01478	0.04793
0.01478	0.04664
0.01478	0.04503
0.01483	0.05067
0.01483	0.04970
0.01489	0.04906
0.01489	0.04600
0.01489	0.04857
0.01494	0.04390
0.01494	0.04503
0.01494	0.04422
0.01500	0.04938
0.01500	0.04809
0.01506	0.04664
0.01506	0.04761
0.01506	0.05099
0.01511	0.05002
0.01511	0.05018
0.01511	0.04728
0.01517	0.05147
0.01517	0.04567
0.01522	0.04922
0.01522	0.05002
0.01522	0.05147
0.01528	0.05373
0.01528	0.05035
0.01533	0.05212
0.01533	0.05341
0.01533	0.05405
0.01539	0.05018
0.01539	0.04938
0.01539	0.04938
0.01544	0.05228
0.01544	0.05115
0.01550	0.05244
0.01550	0.04906
0.01550	0.05389
0.01556	0.05180
0.01556	0.05212
0.01556	0.04890
0.01561	0.05228
0.01561	0.05196
0.01561	0.05163
0.01567	0.05421
0.01567	0.05373
0.01567	0.05002
0.01572	0.05018
0.01572	0.05083
0.01572	0.05292
0.01578	0.05260
0.01578	0.05292
0.01583	0.05002
0.01583	0.04809
0.01583	0.05115
0.01589	0.05180
0.01589	0.04149
0.01594	0.04970
0.01594	0.05099
0.01594	0.05244
0.01600	0.04954
0.01600	0.04406
0.01606	0.05147
0.01606	0.04664
0.01606	0.04358
0.01611	0.04728
0.01611	0.04535
0.01611	0.04358
0.01617	0.04197
0.01617	0.04793
0.01622	0.04213
0.01622	0.04261
0.01622	0.04567
0.01628	0.04165
0.01628	0.04342
0.01628	0.04197
0.01633	0.04632
0.01633	0.04503
0.01639	0.04020
0.01639	0.04165
0.01639	0.04358
0.01644	0.04294
0.01644	0.04261
0.01644	0.03955
0.01650	0.03665
0.01650	0.03585
0.01650	0.03681
0.01656	0.03875
0.01656	0.03891
0.01656	0.04052
0.01661	0.03327
0.01661	0.03859
0.01661	0.03746
0.01667	0.03923
0.01667	0.03359
0.01667	0.03424
0.01672	0.03520
0.01672	0.03730
0.01678	0.03408
0.01678	0.03391
0.01678	0.03810
0.01683	0.03214
0.01683	0.03150
0.01689	0.03359
0.01689	0.03440
0.01689	0.03536
0.01694	0.03391
0.01694	0.03102
0.01694	0.02892
0.01700	0.02779
0.01700	0.03037
0.01706	0.02989
0.01706	0.02602
0.01706	0.02650
0.01711	0.02892
0.01711	0.02586
0.01711	0.02634
0.01717	0.02940
0.01717	0.02232
0.01717	0.02296
0.01722	0.02538
0.01722	0.02489
0.01722	0.02457
0.01728	0.01909
0.01728	0.02586
0.01728	0.02409
0.01733	0.02248
0.01733	0.01813
0.01733	0.02167
0.01739	0.02199
0.01739	0.02199
0.01739	0.01861
0.01744	0.01475
0.01744	0.01668
0.01750	0.02296
0.01750	0.01829
0.01750	0.01491
0.01756	0.01571
0.01756	0.01523
0.01756	0.01636
0.01761	0.01281
0.01761	0.01426
0.01767	0.01426
0.01767	0.01378
0.01767	0.01491
0.01772	0.01491
0.01772	0.01281
0.01772	0.01056
0.01778	0.01040
0.01778	0.01185
0.01783	0.00750
0.01783	0.00798
0.01783	0.01378
0.01789	0.00766
0.01789	0.00460
0.01789	0.01007
0.01794	0.00605
0.01794	0.00637
0.01794	0.00685
0.01800	0.00734
0.01800	0.00589
0.01800	0.00154
0.01806	0.00637
0.01806	0.00363
0.01806	0.00379
0.01811	0.00266
0.01811	0.00347
0.01811	-0.00072
0.01817	0.00089
0.01817	-0.00104
0.01817	-0.00233
0.01822	0.00299
0.01822	-0.00024
0.01822	-0.00136
0.01828	-0.00346
0.01828	-0.00136
0.01828	0.00202
0.01833	-0.00056
0.01833	0.00121
0.01839	0.00170
0.01839	0.00041
0.01839	0.00202
0.01844	0.00073
0.01844	-0.00684
0.01844	-0.00217
0.01850	-0.00152
0.01850	-0.00313
0.01856	-0.00152
0.01856	-0.00297
0.01856	0.00025
0.01861	0.00057
0.01861	-0.00007
0.01861	-0.00088
0.01867	-0.00426
0.01867	-0.00765
0.01872	-0.00893
0.01872	-0.00781
0.01872	-0.00426
0.01878	-0.00620
0.01878	-0.00491
0.01878	-0.00185
0.01883	-0.00539
0.01883	-0.00555
0.01883	-0.00539
0.01889	-0.00555
0.01889	-0.00797
0.01889	-0.00555
0.01894	-0.00797
0.01894	-0.00458
0.01894	-0.00748
0.01900	-0.00217
0.01900	-0.00330
0.01900	-0.00732
0.01906	-0.00765
0.01906	-0.00620
0.01911	-0.00265
0.01911	-0.00571
0.01911	-0.00330
0.01917	-0.00249
0.01917	-0.00732
0.01917	-0.00829
0.01922	-0.00668
0.01922	-0.00603
0.01928	-0.00571
0.01928	-0.00362
0.01928	-0.00346
0.01933	-0.00007
0.01933	-0.00169
0.01939	-0.00040
0.01939	0.00202
0.01939	-0.00024
0.01944	-0.00169
0.01944	-0.00249
0.01944	0.00283
0.01950	0.00234
0.01950	0.00315
0.01956	0.00315
0.01956	0.00444
0.01956	0.00508
0.01961	0.00734
0.01961	0.00605
0.01961	0.01007
0.01967	0.00524
0.01967	0.00202
0.01972	0.00927
0.01972	0.00782
0.01972	0.01313
0.01978	0.01265
0.01978	0.00750
0.01978	0.01152
0.01983	0.01442
0.01983	0.01249
0.01983	0.01620
0.01989	0.01217
0.01989	0.01700
0.01989	0.01684
0.01994	0.01748
0.01994	0.01668
0.01994	0.01603
0.02000	0.01829
0.02000	0.01974
0.02006	0.02312
0.02006	0.02248
0.02006	0.01942
0.02011	0.02054
0.02011	0.02151
0.02017	0.02425
0.02017	0.02377
0.02017	0.02908
0.02022	0.02828
0.02022	0.03021
0.02022	0.03343
0.02028	0.03601
0.02028	0.03536
0.02033	0.03746
0.02033	0.03246
0.02033	0.03649
0.02039	0.03794
0.02039	0.03553
0.02039	0.04036
0.02044	0.03875
0.02044	0.04358
0.02050	0.04680
0.02050	0.04857
0.02050	0.04777
0.02056	0.05051
0.02056	0.05099
0.02056	0.05679
0.02061	0.05325
0.02061	0.05469
0.02061	0.06114
0.02067	0.05856
0.02067	0.05663
0.02067	0.05824
0.02072	0.06178
0.02072	0.06291
0.02072	0.06082
0.02078	0.07032
0.02078	0.07209
0.02083	0.07403
0.02083	0.07628
0.02089	0.08176
0.02089	0.08160
0.02089	0.07725
0.02094	0.08047
0.02094	0.08208
0.02094	0.08482
0.02100	0.08740
0.02100	0.09142
0.02106	0.09561
0.02106	0.10238
0.02111	0.10141
0.02111	0.10673
0.02111	0.10302
0.02117	0.10383
0.02117	0.10834
0.02117	0.11107
0.02122	0.11832
0.02122	0.11752
0.02128	0.12010
0.02128	0.12477
0.02128	0.12686
0.02133	0.13169
0.02133	0.13588
0.02133	0.13540
0.02139	0.13604
0.02139	0.13959
0.02139	0.14265
0.02144	0.14748
0.02144	0.15344
0.02144	0.15312
0.02150	0.15376
0.02150	0.15698
0.02156	0.16004
0.02156	0.16568
0.02156	0.17019
0.02161	0.17325
0.02161	0.17728
0.02167	0.18147
0.02167	0.18244
0.02167	0.18405
0.02172	0.18823
0.02172	0.19162
0.02178	0.19500
0.02178	0.19693
0.02178	0.20080
0.02183	0.20467
0.02183	0.21095
0.02189	0.21272
0.02189	0.21739
0.02189	0.22142
0.02194	0.22641
0.02194	0.22577
0.02200	0.23189
0.02200	0.23479
0.02200	0.23865
0.02206	0.24719
0.02206	0.24719
0.02206	0.24864
0.02211	0.25815
0.02211	0.26121
0.02217	0.26411
0.02217	0.26878
0.02217	0.27152
0.02222	0.27329
0.02222	0.27957
0.02228	0.28730
0.02228	0.28730
0.02228	0.29697
0.02233	0.30357
0.02233	0.30647
0.02233	0.31130
0.02239	0.31581
0.02239	0.31324
0.02244	0.31984
0.02244	0.32757
0.02244	0.33047
0.02250	0.34223
0.02250	0.34336
0.02256	0.34948
0.02256	0.35383
0.02256	0.36092
0.02261	0.36688
0.02261	0.37316
0.02267	0.37590
0.02267	0.38460
0.02267	0.38202
0.02272	0.38879
0.02272	0.40103
0.02278	0.40280
0.02278	0.40940
0.02278	0.41037
0.02283	0.41681
0.02283	0.42036
0.02289	0.42761
0.02289	0.43276
0.02289	0.43502
0.02294	0.44259
0.02294	0.44500
0.02294	0.45306
0.02300	0.45515
0.02300	0.45870
0.02300	0.46160
0.02306	0.46611
0.02306	0.47142
0.02311	0.47593
0.02311	0.47932
0.02311	0.48818
0.02317	0.48721
0.02317	0.49124
0.02322	0.49623
0.02322	0.50638
0.02322	0.50992
0.02328	0.51186
0.02328	0.51943
0.02333	0.52168
0.02333	0.53344
0.02333	0.53425
0.02339	0.53763
0.02339	0.54472
0.02344	0.55277
0.02344	0.55454
0.02344	0.56775
0.02350	0.56904
0.02350	0.57339
0.02356	0.58080
0.02356	0.58386
0.02356	0.59143
0.02361	0.59514
0.02361	0.60351
0.02367	0.60802
0.02367	0.61382
0.02367	0.62059
0.02372	0.61704
0.02372	0.62768
0.02378	0.63476
0.02378	0.63798
0.02378	0.64362
0.02383	0.64491
0.02383	0.65538
0.02389	0.65876
0.02389	0.66521
0.02389	0.67149
0.02394	0.67648
0.02394	0.68277
0.02394	0.68969
0.02400	0.69243
0.02400	0.69920
0.02406	0.70177
0.02406	0.71192
0.02406	0.72207
0.02411	0.72449
0.02411	0.72787
0.02417	0.73335
0.02417	0.74124
0.02417	0.74511
0.02422	0.75026
0.02422	0.75896
0.02428	0.76170
0.02428	0.76589
0.02428	0.77378
0.02433	0.77893
0.02433	0.78409
0.02439	0.78715
0.02439	0.79392
0.02444	0.79939
0.02444	0.81035
0.02444	0.81163
0.02450	0.81792
0.02450	0.82919
0.02456	0.83225
0.02456	0.83403
0.02456	0.84127
0.02461	0.84208
0.02461	0.84981
0.02461	0.85432
0.02467	0.86318
0.02467	0.86479
0.02472	0.86963
0.02472	0.87929
0.02472	0.88396
0.02478	0.88783
0.02478	0.89363
0.02478	0.89717
0.02483	0.90233
0.02483	0.90490
0.02489	0.90941
0.02489	0.91779
0.02489	0.92150
0.02494	0.92472
0.02494	0.92713
0.02494	0.93567
0.02500	0.94066
0.02500	0.94920
0.02506	0.94614
0.02506	0.95822
0.02506	0.95565
0.02511	0.96209
0.02511	0.97014
0.02517	0.97771
0.02517	0.98061
0.02517	0.98464
0.02522	0.99334
0.02522	0.99608
0.02528	1.00075
0.02528	1.00639
0.02528	1.00671
0.02533	1.01090
0.02533	1.02056
0.02533	1.02491
0.02539	1.02765
0.02539	1.03490
0.02544	1.03812
0.02544	1.03893
0.02544	1.04521
0.02550	1.05423
0.02550	1.05520
0.02556	1.06244
0.02556	1.06808
0.02556	1.07179
0.02561	1.06631
0.02561	1.07565
0.02561	1.08274
0.02567	1.08564
0.02567	1.08790
0.02567	1.09257
0.02572	1.08886
0.02572	1.09611
0.02572	1.10030
0.02578	1.10723
0.02578	1.10980
0.02578	1.11222
0.02583	1.12060
0.02583	1.12607
0.02589	1.13187
0.02589	1.13590
0.02589	1.14524
0.02594	1.13912
0.02594	1.14734
0.02600	1.14863
0.02600	1.15249
0.02600	1.15410
0.02606	1.15507
0.02606	1.15765
0.02611	1.16328
0.02611	1.16377
0.02611	1.16667
0.02617	1.16989
0.02617	1.17714
0.02617	1.17649
0.02622	1.17859
0.02622	1.18680
0.02628	1.18116
0.02628	1.19099
0.02628	1.19115
0.02633	1.19695
0.02633	1.19534
0.02633	1.20130
0.02639	1.20323
0.02639	1.20436
0.02644	1.20420
0.02644	1.21242
0.02644	1.21064
0.02650	1.21338
0.02650	1.21709
0.02650	1.22063
0.02656	1.22208
0.02656	1.22450
0.02656	1.22417
0.02661	1.22852
0.02661	1.22901
0.02661	1.24125
0.02667	1.23787
0.02667	1.24141
0.02667	1.24367
0.02672	1.24576
0.02672	1.24769
0.02678	1.25253
0.02678	1.25043
0.02678	1.24882
0.02683	1.24753
0.02683	1.25140
0.02689	1.24979
0.02689	1.24495
0.02689	1.24769
0.02694	1.24157
0.02694	1.24206
0.02694	1.24528
0.02700	1.24673
0.02700	1.24592
0.02706	1.23948
0.02706	1.23626
0.02706	1.23996
0.02711	1.24077
0.02711	1.23803
0.02711	1.23706
0.02717	1.24238
0.02717	1.24222
0.02722	1.24109
0.02722	1.23787
0.02722	1.23980
0.02728	1.23819
0.02728	1.23932
0.02728	1.24109
0.02733	1.23803
0.02733	1.24044
0.02733	1.23867
0.02739	1.24044
0.02739	1.23642
0.02739	1.23400
0.02744	1.23706
0.02744	1.23916
0.02744	1.24077
0.02750	1.23819
0.02750	1.24206
0.02750	1.24173
0.02756	1.24254
0.02756	1.24028
0.02761	1.24109
0.02761	1.24173
0.02761	1.24286
0.02767	1.24222
0.02767	1.24512
0.02772	1.24141
0.02772	1.24431
0.02772	1.24914
0.02778	1.24689
0.02778	1.25172
0.02778	1.24866
0.02783	1.25236
0.02783	1.24914
0.02789	1.25365
0.02789	1.25204
0.02789	1.24898
0.02794	1.25156
0.02794	1.25156
0.02794	1.25108
0.02800	1.24624
0.02800	1.24624
0.02800	1.24431
0.02806	1.23916
0.02806	1.23996
0.02806	1.23722
0.02811	1.24028
0.02811	1.23529
0.02811	1.23690
0.02817	1.23352
0.02817	1.23352
0.02817	1.22385
0.02822	1.22595
0.02822	1.22450
0.02822	1.22031
0.02822	1.21499
0.02828	1.21080
0.02828	1.20952
0.02828	1.21129
0.02833	1.20291
0.02833	1.20758
0.02839	1.19743
0.02839	1.19164
0.02839	1.19341
0.02844	1.18584
0.02844	1.18874
0.02844	1.18439
0.02850	1.18374
0.02850	1.17875
0.02856	1.17778
0.02856	1.16973
0.02856	1.17005
0.02861	1.16538
0.02861	1.16006
0.02861	1.15974
0.02867	1.15749
0.02867	1.15604
0.02867	1.15201
0.02872	1.15056
0.02872	1.14814
0.02872	1.14605
0.02878	1.14138
0.02878	1.13977
0.02878	1.13477
0.02883	1.13509
0.02883	1.13026
0.02883	1.12833
0.02889	1.12366
0.02889	1.12301
0.02889	1.11609
0.02894	1.11480
0.02894	1.11029
0.02894	1.10884
0.02900	1.10449
0.02900	1.10094
0.02900	1.09643
0.02906	1.09063
0.02906	1.08677
0.02906	1.08290
0.02911	1.07662
0.02911	1.07469
0.02911	1.07340
0.02917	1.06953
0.02917	1.06277
0.02922	1.05971
0.02922	1.05729
0.02922	1.05214
0.02928	1.04456
0.02928	1.03732
0.02928	1.03957
0.02933	1.02846
0.02933	1.02411
0.02939	1.01976
0.02939	1.01460
0.02939	1.01283
0.02944	1.00913
0.02944	1.00913
0.02944	0.99672
0.02950	0.99398
0.02950	0.99012
0.02950	0.98690
0.02956	0.98287
0.02956	0.97836
0.02961	0.97771
0.02961	0.96853
0.02961	0.96950
0.02967	0.96434
0.02967	0.96128
0.02967	0.95597
0.02972	0.94695
0.02972	0.95033
0.02972	0.94534
0.02978	0.94195
0.02978	0.94260
0.02978	0.92987
0.02983	0.92907
0.02983	0.92439
0.02983	0.92391
0.02983	0.91908
0.02989	0.91554
0.02989	0.90394
0.02994	0.90361
0.02994	0.89798
0.02994	0.89347
0.03000	0.88751
0.03000	0.88477
0.03006	0.87478
0.03006	0.86963
0.03006	0.86222
0.03011	0.86044
0.03011	0.85191
0.03011	0.85320
0.03017	0.84482
0.03017	0.83918
0.03022	0.83483
0.03022	0.83080
0.03022	0.82452
0.03028	0.82372
0.03028	0.81196
0.03028	0.80471
0.03033	0.81051
0.03033	0.79843
0.03039	0.79037
0.03039	0.78618
0.03039	0.78586
0.03044	0.77636
0.03044	0.77442
0.03044	0.77120
0.03050	0.76009
0.03050	0.75687
0.03050	0.75010
0.03056	0.74640
0.03056	0.74108
0.03056	0.73673
0.03061	0.73367
0.03061	0.72819
0.03061	0.72529
0.03067	0.72030
0.03067	0.71563
0.03067	0.71402
0.03072	0.70935
0.03072	0.69952
0.03072	0.69710
0.03078	0.68985
0.03078	0.68663
0.03083	0.67922
0.03083	0.67197
0.03083	0.66424
0.03089	0.66038
0.03089	0.65280
0.03094	0.65119
0.03094	0.64217
0.03094	0.64056
0.03100	0.63492
0.03100	0.62977
0.03100	0.62123
0.03106	0.61608
0.03106	0.61237
0.03111	0.60464
0.03111	0.60029
0.03111	0.59594
0.03117	0.58966
0.03117	0.58821
0.03117	0.58241
0.03122	0.57420
0.03122	0.57452
0.03122	0.56356
0.03128	0.56308
0.03128	0.55615
0.03133	0.55148
0.03133	0.54488
0.03133	0.53811
0.03139	0.53505
0.03139	0.53376
0.03139	0.52716
0.03144	0.52394
0.03144	0.52152
0.03144	0.51524
0.03150	0.51105
0.03150	0.51008
0.03150	0.50428
0.03156	0.49720
0.03156	0.49333
0.03156	0.49011
0.03161	0.48334
0.03161	0.47690
0.03167	0.47626
0.03167	0.46901
0.03167	0.46208
0.03172	0.45805
0.03172	0.45805
0.03178	0.45048
0.03178	0.43985
0.03178	0.43856
0.03183	0.42922
0.03183	0.42229
0.03189	0.42165
0.03189	0.41714
0.03189	0.41633
0.03194	0.40908
0.03194	0.40393
0.03200	0.40038
0.03200	0.39732
0.03200	0.38959
0.03206	0.38911
0.03206	0.37783
0.03206	0.37719
0.03211	0.37284
0.03211	0.37284
0.03211	0.36495
0.03217	0.35899
0.03217	0.35045
0.03222	0.34900
0.03222	0.34094
0.03222	0.34014
0.03228	0.32983
0.03228	0.33112
0.03228	0.33015
0.03233	0.32177
0.03233	0.31968
0.03233	0.32000
0.03239	0.31211
0.03239	0.31034
0.03239	0.30357
0.03244	0.29954
0.03244	0.29809
0.03250	0.28875
0.03250	0.28779
0.03250	0.27941
0.03256	0.28231
0.03256	0.27506
0.03261	0.27168
0.03261	0.27152
0.03261	0.26523
0.03267	0.26040
0.03267	0.25960
0.03272	0.24993
0.03272	0.24606
0.03272	0.24510
0.03278	0.23978
0.03278	0.23447
0.03278	0.23124
0.03283	0.23012
0.03283	0.22512
0.03289	0.22754
0.03289	0.22142
0.03289	0.21932
0.03294	0.21755
0.03294	0.20853
0.03294	0.20450
0.03300	0.20773
0.03300	0.19903
0.03300	0.20048
0.03306	0.19387
0.03306	0.18985
0.03311	0.19113
0.03311	0.18711
0.03311	0.18630
0.03317	0.17921
0.03317	0.17583
0.03317	0.17793
0.03322	0.17293
0.03322	0.17116
0.03322	0.16472
0.03328	0.16375
0.03328	0.15602
0.03333	0.15892
0.03333	0.15521
0.03333	0.15054
0.03339	0.14909
0.03339	0.14957
0.03344	0.14281
0.03344	0.13717
0.03344	0.13685
0.03350	0.13008
0.03350	0.13379
0.03356	0.13089
0.03356	0.13427
0.03356	0.12622
0.03361	0.12042
0.03361	0.11800
0.03361	0.11462
0.03367	0.11269
0.03367	0.10914
0.03372	0.10834
0.03372	0.10721
0.03372	0.09803
0.03378	0.10544
0.03378	0.09706
0.03378	0.09754
0.03383	0.09481
0.03383	0.09368
0.03383	0.09400
0.03389	0.09110
0.03389	0.08788
0.03394	0.08530
0.03394	0.08466
0.03394	0.07982
0.03400	0.08143
0.03400	0.08256
0.03400	0.07821
0.03406	0.07886
0.03406	0.07660
0.03406	0.07161
0.03411	0.07274
0.03411	0.06758
0.03417	0.06790
0.03417	0.06678
0.03417	0.06372
0.03422	0.05856
0.03422	0.05953
0.03422	0.05792
0.03428	0.05582
0.03428	0.05292
0.03433	0.05244
0.03433	0.05308
0.03433	0.05180
0.03439	0.05163
0.03439	0.04745
0.03444	0.04487
0.03444	0.04294
0.03444	0.04100
0.03450	0.03939
0.03450	0.03762
0.03450	0.04229
0.03456	0.03601
0.03456	0.03601
0.03461	0.03424
0.03461	0.03440
0.03461	0.03311
0.03467	0.03182
0.03467	0.03166
0.03467	0.02924
0.03472	0.03134
0.03472	0.02876
0.03472	0.03134
0.03478	0.02602
0.03478	0.02441
0.03478	0.02924
0.03483	0.02473
0.03483	0.02377
0.03483	0.02232
0.03489	0.02119
0.03489	0.02232
0.03489	0.02425
0.03494	0.02377
0.03494	0.02038
0.03494	0.02151
0.03500	0.02038
0.03500	0.02344
0.03500	0.02087
0.03506	0.01845
0.03506	0.01990
0.03511	0.01797
0.03511	0.01765
0.03511	0.01475
0.03517	0.01362
0.03517	0.01797
0.03517	0.01523
0.03522	0.01620
0.03522	0.01603
0.03528	0.01136
0.03528	0.01410
0.03528	0.01104
0.03533	0.01297
0.03533	0.01007
0.03533	0.01088
0.03539	0.01362
0.03539	0.00669
0.03539	0.00895
0.03544	0.00814
0.03544	0.00798
0.03544	0.01136
0.03550	0.01088
0.03550	0.01007
0.03556	0.00250
0.03556	0.00508
0.03556	0.00766
0.03561	0.00701
0.03561	0.00379
0.03561	0.00895
0.03567	0.00685
0.03567	0.01088
0.03567	0.00975
0.03567	0.01040
0.03572	0.00653
0.03572	0.00299
0.03572	0.00331
0.03578	0.00411
0.03578	0.00347
0.03578	0.00218
0.03583	0.00492
0.03583	0.00846
0.03583	0.00701
0.03589	0.00814
0.03589	0.00508
0.03594	0.00927
0.03594	0.00669
0.03594	0.00701
0.03600	0.00991
0.03600	0.00798
0.03600	0.00492
0.03606	0.00717
0.03606	0.00895
0.03611	0.00460
0.03611	0.00927
0.03611	0.01040
0.03617	0.00830
0.03617	0.00862
0.03617	0.00798
0.03622	0.00653
0.03622	0.00943
0.03622	0.01136
0.03628	0.01120
0.03628	0.01362
0.03628	0.01297
0.03633	0.01265
0.03633	0.00862
0.03633	0.01136
0.03639	0.00911
0.03639	0.00975
0.03639	0.01072
0.03644	0.01458
0.03644	0.01104
0.03644	0.01088
0.03650	0.00879
0.03650	0.01249
0.03650	0.01491
0.03656	0.01458
0.03656	0.01346
0.03656	0.00927
0.03656	0.01346
0.03661	0.01185
0.03661	0.01056
0.03661	0.00959
0.03667	0.01668
0.03667	0.01410
0.03667	0.01346
0.03672	0.01442
0.03672	0.01442
0.03678	0.01603
0.03678	0.01829
0.03678	0.01458
0.03683	0.01362
0.03683	0.01700
0.03683	0.01958
0.03689	0.02071
0.03689	0.02457
0.03689	0.02264
0.03694	0.01942
0.03694	0.02038
0.03694	0.01877
0.03700	0.02119
0.03700	0.02393
0.03706	0.01845
0.03706	0.02135
0.03706	0.02538
0.03711	0.02425
0.03711	0.02425
0.03711	0.02473
0.03717	0.02280
0.03717	0.02425
0.03717	0.01813
0.03722	0.02618
0.03722	0.02248
0.03722	0.02602
0.03728	0.02989
0.03728	0.02296
0.03728	0.02538
0.03728	0.02489
0.03733	0.02296
0.03733	0.02361
0.03733	0.02602
0.03739	0.03069
0.03739	0.02731
0.03739	0.02715
0.03739	0.02409
0.03744	0.03118
0.03744	0.03263
0.03750	0.03037
0.03750	0.02570
0.03750	0.03069
0.03756	0.02812
0.03756	0.03295
0.03756	0.02973
0.03761	0.03005
0.03761	0.03327
0.03761	0.02973
0.03767	0.02940
0.03767	0.02973
0.03767	0.03311
0.03772	0.03021
0.03772	0.03617
0.03778	0.03778
0.03778	0.03279
0.03778	0.03311
0.03783	0.03617
0.03783	0.03714
0.03783	0.03649
0.03789	0.03762
0.03789	0.03778
0.03789	0.03472
0.03794	0.03375
0.03794	0.03150
0.03794	0.03698
0.03800	0.03359
0.03800	0.03134
0.03800	0.03681
0.03806	0.03794
0.03806	0.03843
0.03806	0.03359
0.03811	0.03520
0.03811	0.03810
0.03811	0.03971
0.03811	0.03730
0.03817	0.03875
0.03817	0.03762
0.03817	0.03424
0.03822	0.03859
0.03822	0.03617
0.03822	0.03923
0.03828	0.03826
0.03828	0.04165
0.03828	0.03875
0.03833	0.03617
0.03833	0.04149
0.03833	0.04326
0.03839	0.04277
0.03839	0.03891
0.03839	0.03875
0.03844	0.04181
0.03844	0.04455
0.03844	0.04132
0.03850	0.04052
0.03850	0.04439
0.03856	0.04197
0.03856	0.04326
0.03856	0.04535
0.03861	0.04455
0.03861	0.04422
0.03861	0.04439
0.03867	0.04310
0.03867	0.04294
0.03867	0.04197
0.03872	0.04503
0.03872	0.04326
0.03872	0.04406
0.03878	0.04793
0.03878	0.03971
0.03878	0.04535
0.03883	0.04406
0.03883	0.04326
0.03883	0.04535
0.03889	0.04149
0.03889	0.04439
0.03889	0.04084
0.03894	0.04326
0.03894	0.04745
0.03894	0.03987
0.03900	0.04374
0.03900	0.04277
0.03900	0.04616
0.03900	0.04100
0.03906	0.04261
0.03906	0.04052
0.03906	0.03891
0.03911	0.04116
0.03911	0.04519
0.03911	0.04358
0.03917	0.04390
0.03917	0.04165
0.03917	0.04455
0.03922	0.04664
0.03922	0.03826
0.03922	0.04310
0.03928	0.04503
0.03928	0.03891
0.03933	0.04390
0.03933	0.04213
0.03933	0.03971
0.03939	0.04487
0.03939	0.04116
0.03939	0.03778
0.03944	0.04439
0.03944	0.04116
0.03944	0.03907
0.03950	0.04261
0.03950	0.04213
0.03950	0.04100
0.03956	0.04149
0.03956	0.04052
0.03956	0.04197
0.03961	0.04084
0.03961	0.04197
0.03961	0.03698
0.03967	0.04004
0.03967	0.04181
0.03967	0.04100
0.03972	0.04358
0.03972	0.04374
0.03972	0.03698
0.03978	0.03875
0.03978	0.03440
0.03978	0.04358
0.03983	0.03730
0.03983	0.03665
0.03983	0.03843
0.03983	0.04310
0.03989	0.03424
0.03989	0.04036
0.03989	0.03569
0.03994	0.04116
0.03994	0.04052
0.04000	0.03907
0.04000	0.03440
0.04000	0.03810
0.04006	0.03730
0.04006	0.04181
0.04006	0.03649
0.04011	0.03472
0.04011	0.03504
0.04017	0.03391
0.04017	0.03166
0.04017	0.02989
0.04022	0.03472
0.04022	0.04084
0.04022	0.03359
0.04028	0.03214
0.04028	0.03198
0.04028	0.03005
0.04033	0.03230
0.04033	0.03214
0.04033	0.03182
0.04039	0.03279
0.04039	0.03182
0.04039	0.02828
0.04044	0.03198
0.04044	0.03408
0.04044	0.03037
0.04050	0.03391
0.04050	0.02634
0.04050	0.02860
0.04056	0.03118
0.04056	0.02860
0.04056	0.02683
0.04061	0.02199
0.04061	0.02747
0.04061	0.02361
0.04067	0.02650
0.04067	0.02344
0.04067	0.02554
0.04072	0.02361
0.04072	0.02264
0.04072	0.02296
0.04078	0.02409
0.04078	0.02667
0.04078	0.02506
0.04083	0.02167
0.04083	0.02248
0.04083	0.02328
0.04089	0.02473
0.04089	0.02344
0.04089	0.02232
0.04094	0.02199
0.04094	0.02135
0.04100	0.02054
0.04100	0.01974
0.04100	0.01636
0.04106	0.01571
0.04106	0.02103
0.04106	0.02103
0.04111	0.01539
0.04111	0.01603
0.04111	0.02006
0.04117	0.01765
0.04117	0.01491
0.04117	0.01603
0.04122	0.01362
0.04122	0.01168
0.04128	0.01442
0.04128	0.01281
0.04128	0.01668
0.04133	0.01362
0.04133	0.00959
0.04133	0.01362
0.04139	0.00846
0.04139	0.01233
0.04139	0.00798
0.04144	0.01297
0.04144	0.01426
0.04144	0.01168
0.04144	0.00331
0.04150	0.00669
0.04150	0.01040
0.04150	0.00846
0.04156	0.00798
0.04156	0.00476
0.04161	0.00685
0.04161	0.00766
0.04161	0.00750
0.04167	0.00814
0.04167	0.00170
0.04167	0.00331
0.04172	0.00411
0.04172	0.00299
0.04178	0.00105
0.04178	0.00331
0.04178	0.00154
0.04183	0.00057
0.04183	-0.00152
0.04183	-0.00056
0.04189	0.00170
0.04189	-0.00265
0.04194	0.00202
0.04194	-0.00507
0.04194	-0.00120
0.04200	-0.00007
0.04200	-0.00233
0.04200	-0.00313
0.04206	0.00057
0.04206	-0.00040
0.04206	-0.00346
0.04211	-0.00652
0.04211	-0.00152
0.04217	-0.00217
0.04217	-0.00426
0.04217	-0.00442
0.04222	-0.00394
0.04222	-0.00555
0.04222	-0.00185
0.04228	-0.00120
0.04228	-0.00313
0.04228	-0.00233
0.04233	-0.00571
0.04233	-0.00458
0.04233	-0.00668
0.04239	-0.00346
0.04239	-0.01038
0.04244	-0.00120
0.04244	-0.00926
0.04244	-0.00571
0.04250	-0.00797
0.04250	-0.01232
0.04256	-0.00861
0.04256	-0.00781
0.04256	-0.01280
0.04261	-0.01071
0.04261	-0.00926
0.04267	-0.00684
0.04267	-0.00974
0.04267	-0.01538
0.04272	-0.01054
0.04272	-0.00813
0.04272	-0.01199
0.04278	-0.01280
0.04278	-0.00942
0.04283	-0.00942
0.04283	-0.00958
0.04283	-0.01183
0.04289	-0.01135
0.04289	-0.00974
0.04289	-0.01248
0.04294	-0.01361
0.04294	-0.01280
0.04300	-0.01216
0.04300	-0.01634
0.04300	-0.01731
0.04306	-0.01457
0.04306	-0.01119
0.04306	-0.01054
0.04311	-0.00942
0.04311	-0.01860
0.04311	-0.01425
0.04317	-0.01296
0.04317	-0.01457
0.04317	-0.01087
0.04322	-0.01522
0.04322	-0.01715
0.04328	-0.01441
0.04328	-0.01167
0.04328	-0.01667
0.04333	-0.01715
0.04333	-0.01747
0.04339	-0.01087
0.04339	-0.01812
0.04339	-0.01489
0.04344	-0.01344
0.04344	-0.01683
0.04344	-0.01489
0.04350	-0.01602
0.04350	-0.01731
0.04356	-0.01973
0.04356	-0.01538
0.04356	-0.01618
0.04361	-0.01618
0.04361	-0.01908
0.04367	-0.01763
0.04367	-0.01328
0.04367	-0.01715
0.04372	-0.01554
0.04372	-0.01457
0.04378	-0.01457
0.04378	-0.01651
0.04378	-0.02198
0.04383	-0.01312
0.04383	-0.01425
0.04383	-0.01699
0.04389	-0.00813
0.04389	-0.01828
0.04389	-0.01667
0.04394	-0.01296
0.04394	-0.02005
0.04400	-0.01522
0.04400	-0.01489
0.04400	-0.01377
0.04406	-0.01425
0.04406	-0.01715
0.04406	-0.01699
0.04411	-0.01683
0.04411	-0.01377
0.04411	-0.01296
0.04417	-0.01570
0.04417	-0.01779
0.04422	-0.01457
0.04422	-0.01199
0.04422	-0.01457
0.04428	-0.01747
0.04428	-0.01989
0.04433	-0.01312
0.04433	-0.01183
0.04433	-0.01248
0.04439	-0.01183
0.04439	-0.01667
0.04444	-0.01489
0.04444	-0.02021
0.04444	-0.01489
0.04450	-0.01312
0.04450	-0.01795
0.04456	-0.01715
0.04456	-0.01296
0.04456	-0.01344
0.04461	-0.01216
0.04461	-0.01618
0.04461	-0.01377
0.04467	-0.01409
0.04467	-0.01054
0.04467	-0.01071
0.04472	-0.01167
0.04472	-0.00990
0.04478	-0.01071
0.04478	-0.01860
0.04478	-0.01296
0.04483	-0.01296
0.04483	-0.01280
0.04483	-0.00926
0.04489	-0.01135
0.04489	-0.01312
0.04489	-0.01264
0.04494	-0.01361
0.04494	-0.01038
0.04494	-0.01216
0.04500	-0.01022
0.04500	-0.00797
0.04500	-0.00958
0.04506	-0.01489
0.04506	-0.01103
0.04511	-0.00942
0.04511	-0.01264
0.04511	-0.00765
0.04517	-0.01038
0.04517	-0.01522
0.04517	-0.01232
0.04522	-0.00797
0.04522	-0.00942
0.04522	-0.01151
0.04528	-0.00555
0.04528	-0.01183
0.04533	-0.00668
0.04533	-0.00781
0.04533	-0.00410
0.04539	-0.01119
0.04539	-0.00603
0.04539	-0.00942
0.04544	-0.00539
0.04544	-0.00700
0.04544	-0.00732
0.04550	-0.00716
0.04550	-0.00958
0.04550	-0.00652
0.04556	-0.00587
0.04556	-0.00426
0.04556	-0.00652
0.04561	-0.00555
0.04561	-0.00362
0.04561	-0.00491
0.04567	-0.00233
0.04567	-0.00765
0.04567	-0.00152
0.04572	-0.00120
0.04572	-0.00475
0.04572	-0.00201
0.04578	-0.00813
0.04578	-0.00491
0.04578	-0.00475
0.04583	-0.00813
0.04583	-0.00507
0.04583	-0.00571
0.04589	-0.00394
0.04589	-0.00475
0.04594	-0.00362
0.04594	-0.00845
0.04594	-0.00668
0.04600	-0.00185
0.04600	-0.00491
0.04600	-0.00732
0.04606	-0.00410
0.04606	-0.00136
0.04606	-0.00426
0.04611	0.00105
0.04611	-0.00185
0.04617	-0.00024
0.04617	-0.00217
0.04617	-0.00040
0.04622	-0.00410
0.04622	-0.00201
0.04622	-0.00104
0.04628	-0.00169
0.04628	-0.00056
0.04628	0.00057
0.04633	-0.00152
0.04633	-0.00571
0.04633	-0.00539
0.04639	-0.00233
0.04639	0.00138
0.04639	0.00138
0.04644	-0.00539
0.04644	-0.00265
0.04644	-0.00217
0.04650	0.00170
0.04650	-0.00297
0.04650	-0.00571
0.04656	-0.00120
0.04656	0.00266
0.04656	-0.00297
0.04656	-0.00169
0.04661	-0.00297
0.04661	-0.00152
0.04661	0.00025
0.04667	-0.00056
0.04667	-0.00297
0.04672	-0.00491
0.04672	-0.00201
0.04672	0.00138
0.04678	0.00218
0.04678	-0.00056
0.04678	0.00202
0.04683	-0.00104
0.04683	0.00411
0.04689	0.00121
0.04689	0.00057
0.04689	0.00105
0.04694	0.00379
0.04694	-0.00104
0.04694	-0.00233
0.04700	0.00363
0.04700	0.00411
0.04700	-0.00281
0.04706	0.00315
0.04706	0.00540
0.04711	0.00492
0.04711	-0.00330
0.04711	0.00025
0.04717	0.00411
0.04717	-0.00088
0.04717	0.00266
0.04722	0.00009
0.04722	-0.00426
0.04722	0.00315
0.04728	0.00073
0.04728	0.00105
0.04728	-0.00152
0.04728	0.00170
0.04733	0.00041
0.04733	0.00170
0.04733	0.00395
0.04739	0.00411
0.04739	0.00089
0.04739	0.00041
0.04744	-0.00217
0.04744	0.00250
0.04744	-0.00120
0.04750	0.00395
0.04750	-0.00120
0.04750	-0.00024
0.04756	0.00395
0.04756	0.00782
0.04756	0.00154
0.04761	-0.00313
0.04761	0.00444
0.04767	0.00266
0.04767	0.00154
0.04767	-0.00169
0.04772	-0.00442
0.04772	0.00283
0.04772	0.00186
0.04778	-0.00088
0.04778	-0.00056
0.04778	0.00202
0.04783	-0.00056
0.04783	0.00154
0.04783	0.00170
0.04789	0.00170
0.04789	-0.00040
0.04794	0.00154
0.04794	-0.00217
0.04794	0.00073
0.04800	-0.00185
0.04800	0.00025
0.04800	0.00105
0.04806	-0.00217
0.04806	-0.00024
0.04806	0.00105
0.04811	-0.00346
0.04811	-0.00072
0.04811	-0.00056
0.04811	-0.00007
0.04817	-0.00217
0.04817	0.00283
0.04817	0.00025
0.04822	0.00138
0.04822	0.00057
0.04822	-0.00072
0.04822	-0.00265
0.04828	0.00411
0.04828	-0.00040
0.04833	-0.00475
0.04833	-0.00458
0.04833	-0.00378
0.04839	-0.00555
0.04839	-0.00185
0.04839	0.00041
0.04844	-0.00281
0.04844	0.00009
0.04844	-0.00410
0.04850	-0.00217
0.04850	-0.00700
0.04850	-0.00265
0.04856	-0.00330
0.04856	-0.00813
0.04861	-0.00523
0.04861	-0.00169
0.04861	-0.00185
0.04867	-0.00555
0.04867	-0.00265
0.04867	-0.00507
0.04872	-0.00346
0.04872	-0.00668
0.04872	-0.00362
0.04878	-0.00297
0.04878	-0.00797
0.04878	-0.00072
0.04883	-0.00700
0.04883	-0.00523
0.04889	-0.00458
0.04889	-0.00297
0.04889	-0.00732
0.04894	-0.00974
0.04894	-0.00426
0.04894	-0.00136
0.04894	-0.00571
0.04900	-0.00555
0.04900	-0.00330
0.04900	-0.00765
0.04906	-0.00603
0.04906	-0.00603
0.04906	-0.00539
0.04911	-0.00781
0.04911	-0.00668
0.04911	-0.00716
0.04917	-0.00797
0.04917	-0.00587
0.04922	-0.00974
0.04922	-0.01038
0.04922	-0.01119
0.04928	-0.00732
0.04928	-0.00571
0.04928	-0.00893
0.04933	-0.00475
0.04933	-0.01022
0.04939	-0.00684
0.04939	-0.01119
0.04939	-0.00700
0.04944	-0.00603
0.04944	-0.00974
0.04944	-0.00861
0.04950	-0.01232
0.04950	-0.00877
0.04950	-0.00990
0.04956	-0.01425
0.04956	-0.01248
0.04961	-0.01167
0.04961	-0.01344
0.04961	-0.01006
0.04967	-0.01264
0.04967	-0.01054
0.04967	-0.01216
0.04972	-0.01022
0.04972	-0.01377
0.04972	-0.01183
0.04978	-0.01715
0.04978	-0.01393
0.04978	-0.01441
0.04983	-0.01264
0.04983	-0.01522
0.04983	-0.01151
0.04983	-0.01312
0.04989	-0.01361
0.04989	-0.00910
0.04989	-0.01167
0.04994	-0.01715
0.04994	-0.01715
0.05000	-0.01409
0.05000	-0.01586
0.05000	-0.01570
0.05006	-0.01296
0.05006	-0.01328
0.05011	-0.01377
0.05011	-0.01441
0.05011	-0.00958
0.05017	-0.01489
0.05017	-0.01425
0.05022	-0.01457
0.05022	-0.01425
0.05022	-0.01554
0.05028	-0.01957
0.05028	-0.01409
0.05028	-0.01715
0.05033	-0.01457
0.05033	-0.01409
0.05039	-0.01795
0.05039	-0.01715
0.05039	-0.01634
0.05044	-0.01924
0.05044	-0.01683
0.05044	-0.01441
0.05050	-0.01699
0.05050	-0.01973
0.05050	-0.01715
0.05056	-0.02295
0.05056	-0.02311
0.05056	-0.01731
0.05061	-0.01989
0.05061	-0.01973
0.05061	-0.01924
0.05067	-0.01667
0.05067	-0.01989
0.05067	-0.02263
0.05072	-0.01747
0.05072	-0.01989
0.05072	-0.02230
0.05078	-0.01667
0.05078	-0.02375
0.05078	-0.02085
0.05083	-0.01828
0.05083	-0.02472
0.05089	-0.02069
0.05089	-0.02263
0.05089	-0.02005
0.05094	-0.01892
0.05094	-0.02343
0.05094	-0.02295
0.05100	-0.01763
0.05100	-0.02327
0.05106	-0.01957
0.05106	-0.02150
0.05106	-0.01957
0.05111	-0.02408
0.05111	-0.02134
0.05117	-0.02730
0.05117	-0.02069
0.05117	-0.01957
0.05122	-0.02391
0.05122	-0.02214
0.05122	-0.02263
0.05128	-0.02424
0.05128	-0.02134
0.05128	-0.02681
0.05133	-0.02182
0.05133	-0.02440
0.05133	-0.02665
0.05139	-0.02166
0.05139	-0.02230
0.05144	-0.02472
0.05144	-0.02504
0.05144	-0.02665
0.05150	-0.02021
0.05150	-0.02005
0.05150	-0.03116
0.05156	-0.02504
0.05156	-0.02649
0.05156	-0.02359
0.05161	-0.02375
0.05161	-0.02375
0.05161	-0.02456
0.05167	-0.02311
0.05167	-0.02311
0.05172	-0.02375
0.05172	-0.02762
0.05172	-0.02553
0.05178	-0.02665
0.05178	-0.02456
0.05183	-0.02279
0.05183	-0.02649
0.05183	-0.02536
0.05189	-0.01892
0.05189	-0.02859
0.05189	-0.02875
0.05194	-0.01989
0.05194	-0.02230
0.05200	-0.02891
0.05200	-0.02263
0.05200	-0.02166
0.05206	-0.02617
0.05206	-0.02633
0.05206	-0.02778
0.05211	-0.02649
0.05211	-0.02714
0.05211	-0.02553
0.05217	-0.02553
0.05217	-0.02424
0.05222	-0.02730
0.05222	-0.02214
0.05222	-0.02504
0.05228	-0.02182
0.05228	-0.02327
0.05228	-0.02553
0.05233	-0.02263
0.05233	-0.03036
0.05233	-0.02440
0.05239	-0.02971
0.05239	-0.02488
0.05244	-0.02569
0.05244	-0.02440
0.05244	-0.02391
0.05250	-0.02875
0.05250	-0.02504
0.05250	-0.02907
0.05256	-0.02569
0.05256	-0.02762
0.05261	-0.02762
0.05261	-0.02601
0.05261	-0.02230
0.05267	-0.02698
0.05267	-0.02408
0.05267	-0.02520
0.05272	-0.02488
0.05272	-0.02971
0.05278	-0.02826
0.05278	-0.02150
0.05278	-0.02730
0.05283	-0.02343
0.05283	-0.02230
0.05283	-0.02359
0.05289	-0.02633
0.05289	-0.01876
0.05294	-0.02456
0.05294	-0.02794
0.05294	-0.02311
0.05300	-0.02520
0.05300	-0.02391
0.05300	-0.01973
0.05306	-0.02520
0.05306	-0.02794
0.05306	-0.02102
0.05311	-0.02359
0.05311	-0.02843
0.05311	-0.02150
0.05317	-0.02391
0.05317	-0.02826
0.05317	-0.02295
0.05322	-0.02375
0.05322	-0.02536
0.05328	-0.02698
0.05328	-0.02327
0.05328	-0.02214
0.05333	-0.02247
0.05333	-0.02166
0.05339	-0.02230
0.05339	-0.02488
0.05339	-0.02714
0.05344	-0.02601
0.05344	-0.01908
0.05350	-0.02698
0.05350	-0.02182
0.05350	-0.02617
0.05356	-0.02408
0.05356	-0.02649
0.05361	-0.02488
0.05361	-0.01940
0.05361	-0.02198
0.05367	-0.01908
0.05367	-0.02118
0.05372	-0.01940
0.05372	-0.02327
0.05372	-0.02553
0.05378	-0.02536
0.05378	-0.02182
0.05378	-0.02440
0.05383	-0.01973
0.05383	-0.01828
0.05383	-0.02359
0.05389	-0.02102
0.05389	-0.02053
0.05394	-0.01860
0.05394	-0.02118
0.05394	-0.01924
0.05400	-0.02391
0.05400	-0.02053
0.05400	-0.01892
0.05406	-0.02102
0.05406	-0.02021
0.05406	-0.02359
0.05411	-0.02263
0.05411	-0.02472
0.05417	-0.01683
0.05417	-0.01538
0.05417	-0.01876
0.05422	-0.01699
0.05422	-0.02053
0.05428	-0.02198
0.05428	-0.01651
0.05428	-0.01779
0.05433	-0.01940
0.05433	-0.02214
0.05439	-0.02182
0.05439	-0.01683
0.05439	-0.01957
0.05444	-0.01940
0.05444	-0.01908
0.05444	-0.01667
0.05450	-0.01828
0.05450	-0.01489
0.05456	-0.02037
0.05456	-0.01634
0.05456	-0.01940
0.05461	-0.01795
0.05461	-0.02295
0.05461	-0.01957
0.05467	-0.01779
0.05467	-0.01522
0.05472	-0.01554
0.05472	-0.01812
0.05472	-0.01715
0.05478	-0.01634
0.05478	-0.01892
0.05478	-0.01828
0.05483	-0.01570
0.05483	-0.01812
0.05483	-0.01634
0.05489	-0.01602
0.05489	-0.01876
0.05489	-0.01538
0.05494	-0.01715
0.05494	-0.01828
0.05494	-0.01570
0.05500	-0.02118
0.05500	-0.02295
0.05506	-0.01779